cardiac_cos_00	cardiac_sin_00	cardiac_cos_01	cardiac_sin_01	cardiac_cos_02	cardiac_sin_02	resp_cos_00	resp_sin_00	resp_cos_01	resp_sin_01	resp_cos_02	resp_sin_02	resp_cos_03	resp_sin_03	interaction_add_cos_00	interaction_add_sin_00	interaction_diff_cos_00	interaction_diff_sin_00	hrv	rvt
0.2922549845968324	0.956340433098123	-0.8291740479566106	0.5589905170888398	-0.7769154818241373	-0.6296049031749742	-0.663987931781318	-0.7477432891365645	-0.11824005289753567	0.992985040114295	0.8210078681356145	-0.5709168770139951	-0.972038579781576	-0.23482120733915166	0.5210433582038455	-0.8535302097006638	-0.9091509237543086	-0.4164668028026813	0.007667847473271316	-0.0573220151229945
0.29404032523234885	-0.9557930147983164	-0.8270805742745091	-0.5620833778522083	-0.7804304073384178	0.6252426563355952	0.7926172248238782	0.6097195543136975	0.25648413017501204	0.9665484421219493	-0.3860297458825093	0.9224863333913867	-0.868431781936735	0.4958086728993224	0.8158271175709494	-0.5782958708445672	-0.3497042644269995	-0.9368601429464118	0.12421600685923025	-0.04592978827683058
-0.9362348706397404	-0.35137482408133386	0.7530714660036234	0.6579387259396984	-0.4738686624730241	-0.8805955318567243	-0.16430672269349544	-0.9864092968325688	-0.9460066017554456	0.32414735759390934	0.4751772114551922	0.8798901168405447	0.7898569811297725	-0.6132910804508429	-0.19276970988055125	0.9812440261996848	0.5004290764129204	-0.8657775346360701	0.3100017429639412	-0.03874128422832234
-0.22018671674731985	0.975457743712169	-0.903035619536071	-0.4295656758274621	0.6178596130903784	-0.7862884321365843	-0.6856262968788858	0.7279536942884115	-0.059833162056292	-0.998208391428536	0.7676726755413054	0.6408421515687411	-0.992839985436691	0.1194519289005883	-0.559122264932127	-0.829085214472655	0.861053871382897	-0.5085137466937601	0.4242113175835464	-0.042167709477299635
0.9946499193503248	0.10330313614015886	0.9786569241272156	0.20550091206088927	0.9521921419592192	0.30549979507540465	0.7879690056266896	-0.615714906569336	0.2417903076566276	-0.9703285253579395	-0.40692246903796103	-0.9134626999456787	-0.8830748942466267	-0.469232065348596	0.8473585887139997	-0.5310211126995034	0.7201480270802851	0.6938204516244623	0.4064256540058512	-0.049698833839496685
-0.23148669295890376	-0.9728380702783738	-0.8928278219659005	0.4503981353465247	0.6448422127360782	0.7643157205459262	-0.978562012330932	-0.20595239261255652	0.9151672239543268	0.4030743755186271	-0.8125337482531858	-0.582914151440526	0.6750620956005376	0.7377609145810115	0.026165755891283542	0.9996576179966008	0.426882412288111	0.9043071414508916	0.2575099901156238	-0.058884437496393376
-0.452171907282695	0.8919308080026891	-0.5910811325286598	-0.8066121092375422	0.9867124733912942	-0.16247613626017465	0.9921676254512192	0.12491358215377978	0.9687931939870218	0.2478704243842429	0.9302428602115924	0.3669444386080209	0.8771205054311506	0.4802703602682586	-0.5600445998053514	0.8284624591548272	-0.33721605528348925	0.9414272845308036	0.06491035997583061	-0.0697729986312613
0.8129696441391483	0.5823060687544537	0.3218392845834669	0.9467943149907492	-0.28967850682350993	0.9571240059075427	-0.5804235766049153	-0.814314725226775	-0.3262169434423161	0.9452949305963472	0.95911158672874	-0.2830282038996797	-0.7871650116223055	-0.6167424458213134	0.0023136578531965236	-0.9999973234900872	-0.946047154898136	0.3240289812796717	-0.07812613349980602	-0.0778010422757165
-0.8145759520503696	-0.5800569095711506	0.327067963317532	0.9450008187146302	0.2817325568412621	-0.9594929736145464	0.2906383210130941	0.9568329877040662	-0.8310587327173794	0.5561846660725046	-0.773713350493592	-0.6335358326629837	0.38131723445163307	-0.9244442474861088	0.3182705987817891	-0.9479999082020428	-0.7917645728649136	0.6108263756224357	-0.15285593160212796	-0.08845867615805703
-0.1342332658176464	0.990949761767936	-0.963962860695858	-0.2660368455666574	0.3930250316538981	-0.9195277725514616	0.0274583905317734	-0.9996229473103369	-0.9984920735788092	-0.05489607454353914	-0.08229236113018773	0.9966082316033812	0.9939728419994204	0.10962659060463058	0.9868902920597642	0.16139253835971962	-0.9942619509301166	-0.106972767247736	-0.1921208636643952	-0.10577793270480673
-0.16666392012553868	-0.9860137614295188	-0.944446275456776	0.32866583755514256	0.4814741573567192	0.8764602876329523	0.050882383342472255	0.9987046525702128	-0.9948219661307794	0.1016329459559763	-0.15212020861882886	-0.9883619995374991	0.9793414885926192	-0.2022133742391752	0.9762562735647295	-0.2166187626349756	-0.9932167885111034	0.11627730225495606	-0.21451521004127247	-0.11792250329832345
-0.737513117358184	0.6753328081210134	0.08785119655077292	-0.9961336091431698	0.6079302976945699	0.7939903986478627	0.11693395491485445	-0.9931396931892164	-0.9726529003759417	-0.23226350421508046	-0.3444062557155809	0.9388207129287114	0.8921073292194626	0.4518235420525554	0.5844594922436396	0.8114228872334739	-0.7569401434721907	-0.6534842149587847	-0.22009150081553489	-0.11485223641640885
0.4582265217273984	-0.8888354486549298	-0.5800569095712202	-0.81457595205032	-0.989821441880927	0.14231483827332522	-0.9291305398700822	0.3697518625791216	0.7265671202385408	-0.6870954953922153	-0.4210208614880901	0.9070509545730197	0.05579956042345246	-0.9984419908319908	-0.09710369284885867	0.9952742701562792	-0.7544008181818771	0.6564140503725636	-0.20560334080635487	-0.10000811435339807
-0.893632640323419	-0.4487991802004487	0.5971585917028105	0.8021231927550256	-0.1736481776669743	-0.9848077530122004	0.7629047278351366	-0.6465109250792256	0.16404724750640806	-0.986452482680018	-0.5125998864131776	-0.8586276005633626	-0.9461770011711425	-0.3236496291590393	-0.9719101394167224	0.2353522485530296	-0.39160299308434254	-0.9201342813999402	-0.11513511272323973	-0.08345540993935617
-0.7299491260048101	0.6835014802067467	0.06565145311037231	-0.9978426161998176	0.634104684367086	0.7732472109640733	-0.6424723138449737	-0.7663088972096602	-0.17445865188537132	0.984664500620561	0.8666420213391123	-0.4989304629397344	-0.9391283575646776	-0.3435664826752909	0.9927453695118292	0.12023573226300832	-0.05480116156497596	-0.9984972872727944	-0.011163987728353477	-0.07152500548613683
-0.8677094876618525	-0.4970716699044572	0.5058395099567888	0.8626276080480358	-0.010133996385602088	-0.9999486497402036	0.8373021462134947	0.546740446598087	0.4021497681074489	0.9155738987166055	-0.16386041834224235	0.9864835342268544	-0.6765511280222501	0.7363956621082317	-0.4547658295142612	-0.8906110488345661	-0.9983042031039006	0.05821269676871064	0.013150485173821114	-0.06359705802911396
0.9598390681819062	0.2805511774911844	0.8425820736166199	0.5385679615609501	0.6576473166320032	0.7533259632633974	-0.4310918953643673	-0.9023080281983296	-0.6283195555023148	0.7779553561570056	0.9728188315163468	0.2315675302091587	-0.21042907234674704	-0.9776091271624296	-0.16063526337651554	-0.9870138358503174	-0.6669224229180962	0.7451271581475581	-0.09953794458862385	-0.05711387186530604
-0.5519043524831712	0.8339074203472059	-0.3908031714202633	-0.9204742697152724	0.9832762950253114	0.18212009126204826	0.720050025110263	0.6939221579822262	0.03694407732258057	0.9993173345593396	-0.6668468575026637	0.7451947857029207	-0.9972702703015665	0.07383771375551072	-0.9760655795486952	0.21747639968573487	0.18126809382075385	0.9834337182355456	-0.2897262171576088	-0.06560935359724684
0.03313309775134411	-0.9994509481877536	-0.9978043956667998	-0.06622981192795681	-0.09925379890804192	0.9950621505224294	-0.3472396853835397	-0.9377764130616318	-0.7588492017894806	0.6512663732632509	0.8742448015493984	0.4854853519560122	0.15170422211306392	-0.9884259350062958	-0.9487666516615167	0.31597759524212093	0.9257563987835996	0.378120470367872	-0.3919350254218032	-0.08887296247491584
0.992079584867253	0.12561089638092318	0.968443805420762	0.2492320118727796	0.9294670720309316	0.3689050853678317	-0.0025567894134468426	0.9999967314086058	-0.9999869256557906	-0.005113562112693939	0.00767030138365036	-0.9999705828056564	0.9999477029650392	0.01022699051244548	-0.12814702439011366	0.9917551815543793	0.12307394723034297	-0.9923975027745398	-0.3722670895896976	-0.10343748408820308
-0.08135867466784645	0.996684888044507	-0.986761532112583	-0.16217792310554402	0.24192189559963295	-0.9702957262760052	0.08362402084045913	-0.9964973773866515	-0.986014046276949	-0.1666622349080884	-0.24853293915015714	0.9686234449761084	0.9444473989108824	0.3286626092065673	0.9863903375112834	0.16442050378336753	-0.9999974165232356	0.002273091915041519	-0.29066576308575043	-0.0984982207123788
-0.9305770492295402	0.3660961013821945	0.7319472891055162	-0.6813612595173622	-0.4316896477452044	0.9020221992997852	-0.7142498292034205	0.6998908354042683	0.020305637034230595	-0.999793819297076	0.6852432336362884	0.7283142939388757	-0.999175362209268	-0.040602900807427116	0.4084371922381919	-0.9127864262775724	0.9208918047074518	0.38981827050903134	-0.2266292603516377	-0.08308643685696558
-0.6599245348787419	-0.7513318895568563	-0.1289992165301524	0.9916446955107494	0.8301840308155077	-0.5574894393429495	0.7192025387409653	-0.6948004809069653	0.03450458346289945	-0.999404539573466	-0.669570970691531	-0.742748083274	-0.9976188674401036	-0.0689680746978265	-0.9966451590470848	-0.0818439182102815	0.04740635732260088	-0.9988756866023928	-0.2014798807731544	-0.06440660074439207
0.944130663434946	-0.3295713736990649	0.7827654192762226	-0.6223168793993292	0.5339350057954424	-0.8455255227290427	0.0	0.0	0.0	0.0	0.0	0.0	0.0	0.0	0.0	0.0	0.0	0.0	-0.15737885260077267	-0.04130969043689592
0.4558230609373728	0.890070411325803	-0.5844506742353682	0.8114292386806278	-0.9886352515311266	-0.150334092706831	0.9853577501991548	-0.17049957220609147	0.9418597917550796	-0.3360061497578252	0.870779940614504	-0.4916729553508112	0.7741997346498438	-0.6329413644786626	0.600905410178491	0.7993201411313363	0.2973921614497924	0.9547554149143228	-0.06667931333087085	-0.01750779640058442
-0.9966792170554865	0.08142811731620994	0.9867389234206752	-0.16231542442604485	-0.9702451382106978	0.2421247029497488	-0.6424723138449737	-0.7663088972096602	-0.17445865188537132	0.984664500620561	0.8666420213391123	-0.4989304629397344	-0.9391283575646776	-0.3435664826752909	0.7027378935252788	0.7114488407493921	0.5779397119603915	-0.8160794626377629	0.03244223300171356	0.002179734745198836
-0.4193558493380298	-0.9078219382819408	-0.6482813432519593	0.7614008799518394	0.963076995956878	0.2692261128840879	-0.09244893030404605	0.9957174274289055	-0.9829063905712752	-0.1841060221017978	0.27418621909869667	-0.9616766178172168	0.9322099452517046	0.36191797133302706	0.942703124637662	-0.3336327603794156	-0.8651651252615709	0.5014870945808378	0.08843238915439398	0.018997789038076696
0.99361131052001	0.11285638487346672	0.974526872786584	0.2242707609493518	0.9429905358928796	0.332819544522944	0.13502266222676074	-0.9908425105359568	-0.963537761370396	-0.2675723872400243	-0.3952215296192491	0.9185858384089212	0.856810035173349	0.5156321980115716	0.2459829480830704	-0.9692741558776656	0.022337140646994408	0.9997504949474724	0.09683667653975415	0.02741790357021068
-0.597158591702757	0.8021231927550653	-0.2868032327111596	-0.957989512315468	0.9396926207859456	0.3420201433255663	-0.56024405337919	0.8283275925944128	-0.3722532013065106	-0.9281312160018402	0.9773493381458682	0.21163239644684192	-0.722855108234109	0.690999632778379	-0.32986622329318593	-0.9440276874807698	0.9989753231447088	0.04525818984365945	0.10003833495885073	0.021872688488411063
-0.2439701841103925	-0.969782733020722	-0.8809570985302821	0.4731961438442905	0.6738247151539722	0.738891232352684	0.41710400241338025	-0.9088587630488792	-0.6520485023414778	-0.758177255392323	-0.9610480826019416	0.27638122752302025	-0.14966550118847166	0.9887366877758728	-0.9831564754213492	-0.18276581966295016	0.779634594897401	-0.6262346991657085	0.12021440569265868	0.006250491822257786
0.9038549997684256	0.4278389175771871	0.6339077212127618	0.7734086894953038	0.2420663266515025	0.9702597041521656	0.0	0.0	0.0	0.0	0.0	0.0	0.0	0.0	0.0	0.0	0.0	0.0	0.14327013078346573	-0.025277028447855288
-0.9037386898185908	0.4280845483370977	0.6334872389500461	-0.7737531376915037	-0.24127516487243125	0.9704567454635888	0.4517015126007724	-0.8921691227083429	-0.5919314870283486	-0.8059882844461251	-0.9864542086942316	0.16403686826270958	-0.2992342293288158	0.9541796874792448	-0.026296317251991518	0.9996541920579248	-0.7901439491218034	-0.6129213160481539	0.15769152752908228	-0.07201701002295702
0.7362411933796499	-0.6767192218127907	0.0841021896581821	-0.996457134900794	-0.6124022004200866	-0.7905463584892642	-0.95898045370574	0.28347220218274105	0.8392870211793344	-0.5436886021243406	-0.650739243014055	0.7593012824969378	0.4088054078401609	-0.9126215746521884	-0.5142098255974089	0.8576644187904044	-0.8978720017307347	0.44025659394044664	0.12243376572939825	-0.1111816430011735
-0.20144756764948785	-0.97949929938112	-0.91883775497621	0.39463550274940823	0.5716428292584351	0.8205025751071178	0.4019185521073789	-0.9156754214632542	-0.6769229549438162	-0.7360538791896502	-0.9460543399859128	0.3240080026694075	-0.08355062614026407	0.9965035337978336	-0.9778689484990049	-0.20921835378725875	0.8159379190685337	-0.578139526607644	-0.013014798894210757	-0.12758041686817645
0.9306926579854649	-0.3658021000103072	0.7323776472560986	-0.6808986575105151	0.4325443403623725	-0.9016126627440854	0.0	0.0	0.0	0.0	0.0	0.0	0.0	0.0	0.0	0.0	0.0	0.0	-0.17585619157536914	-0.12440572682007812
-0.16084622428999487	0.986979479083356	-0.9482569842633054	-0.3175038453245276	0.4658933354407348	-0.8848408896473459	0.8812563787210328	-0.4726385457868322	0.553225610073017	-0.8330314666081577	0.09381081677633105	-0.9955900414607196	-0.3878828487186764	-0.9217086826486361	0.3247377845666511	0.9458040871526951	-0.6082313068641542	0.7937598360652443	-0.2588732438196406	-0.11213468606274468
-0.4102922490196955	-0.9119540944556148	-0.6633205407887202	0.748335392833828	0.9546028020220252	0.29788167176195657	-0.7196629445189296	-0.6943235890320477	0.03582950742731209	0.9993579170635094	0.6680926068873254	-0.7440781334124109	-0.9974324927950324	0.07161300382394031	-0.33791911185208584	0.9411751557734072	0.9284633679377013	0.3714239819906361	-0.1423584072357339	-0.09710034156885348
0.9869898108633742	0.16078281391952554	0.9482977734962384	0.3173819982010272	0.8849306693470483	0.4657227828322177	0.7988873195210648	0.601480715159221	0.27644189858310386	0.9610306325543264	-0.3571954647963251	0.9340296568786974	-0.8471597534155378	0.5313382653196786	0.6917858824936156	0.7221026885301906	0.8852014062968718	-0.4652079860557428	0.09695213175819617	-0.0800402310885957
-0.9098626764229388	0.41490952032037853	0.6557001798950266	-0.7550213732641149	-0.28333156479764393	0.9590220145488416	-0.342973536211614	-0.9393450662341823	-0.7647383069170014	0.6443409981785408	0.867543539011227	0.4973612448913519	0.16964935613256346	-0.9855044880485359	0.7018020304462778	0.7123720306563711	-0.07768439124680007	-0.9969780014406608	0.2735640155944565	-0.05773457327526588
-0.4424194208951777	-0.8968082604519072	-0.6085301120295512	0.7935307824862888	0.980870500417961	0.19466140195174486	-0.467716858473419	0.883878351527944	-0.5624818805995114	-0.8268096116986285	0.9938813747578676	-0.11045276324932396	-0.3672282679944739	0.9301308505719929	0.9995964285535964	0.028407393806800456	-0.5857423852161528	0.810497290656355	0.2776990437784109	-0.041210270769660766
0.9048270524659672	-0.4257792915651839	0.6374239897485002	-0.7705132427759459	0.2486898871644966	-0.9685831611287232	0.2789486689771176	-0.9603060137663902	-0.8443752801517888	-0.5357521687017124	-0.7500233900081617	0.6614113050444972	0.4259392274628239	0.9047517750788736	-0.15647811228736924	-0.9876814265617136	0.6612787161671096	0.7501402932414573	0.1395011780646298	-0.03660719979182625
-0.20437822650638152	0.9788919963561384	-0.9164590810602125	-0.4001284203131177	0.57898678981189	-0.8153369225193486	-0.96450270238523	0.26407297682948944	0.860530925816824	-0.5093981995579097	-0.6954661044875505	0.7185589032980606	0.48102694857432	-0.8767058085499824	-0.06137557169822136	-0.9981147425014404	0.4556222752464329	-0.8901732091560965	0.003173324684437317	-0.02050580636724675
-0.07671902812689643	-0.9970527522269143	-0.9882283814465288	0.15298583628419224	0.2283508701108827	0.973578902873107	0.09347559936955989	-0.9956215708402975	-0.9825246246450032	-0.18613264615911904	-0.2771597557376469	0.9608238495163658	0.9307092760676084	0.3657598166033393	-0.999858584520014	-0.0168169843204394	0.9855158702455904	-0.1695832229145217	-0.017070733598880228	0.005969197919838409
0.504007448499168	0.8636993063893003	-0.491952983714717	0.8706217673675448	-0.9999033847063824	0.013900404768204665	-0.2681907580758856	0.9633658273380272	-0.8561474345653637	-0.5167316230763764	0.7274124170775043	-0.6862005359087551	0.4659768594257072	0.8847969069112723	-0.9672285365598932	0.2539073808777664	0.6968882571821239	-0.7171797243380922	0.05777241474245254	0.003108891421177873
-0.8931150161867875	0.4498283760076436	0.5953088642766521	-0.8034969546386862	-0.170243555722372	0.985402015288686	0.26979192560458365	-0.9629186449947736	-0.8544246337571416	-0.5195753508673928	-0.7308256600552443	0.6825641761803914	0.4600829095420512	0.887875957748221	0.19219291030207736	0.9813571649657516	-0.674103350308882	-0.7386370374563821	0.11279522246728052	-0.0367177805111244
0.05316216135391183	-0.9985858924500088	-0.9943475692003612	-0.10617396868033482	-0.15888549318531014	0.9872970171408708	-0.4703281025929523	0.8824916293718107	-0.5575829518226266	-0.8301212271932134	0.9948219661307794	-0.10163294595597644	-0.378202503673533	0.925722888458026	0.8562400328165862	0.5165781704662434	-0.9062473497752378	0.42274784567796186	0.09711674134369841	-0.08302716328272396
0.21473532716711166	0.9766722783341572	-0.907777478532867	0.4194520824462673	-0.6045991148624935	-0.7965299180241062	0.2536761854154035	-0.9672891981993232	-0.8712967859061795	-0.490756467985457	-0.6957306754421658	0.7183027406663486	0.5183161782608781	0.8551890664367955	0.9991977836830348	0.04004733552823542	-0.8902513063436717	0.4554696604093251	0.04338584559005665	-0.10970117275526448
-0.717131804758972	-0.6969375686552847	0.028556050793720693	0.9995921928281885	0.6761749002739921	-0.7367411378764301	0.12599920143135426	0.9920303429022022	-0.968248402477322	0.2499900620027	-0.36999625243000867	-0.9290332465459724	0.8750099377997725	-0.484104956338642	0.6010251804938727	-0.7992300872791938	-0.7817412499351856	0.6236029330830425	0.03384993963551919	-0.10759164182192772
-0.20381262370793451	0.9790099153825194	-0.9169208288345758	-0.3990691589803885	0.5775727034223921	-0.8163392507170958	-0.0415700870118688	-0.9991355903308748	-0.9965438557316512	0.08306830685341873	0.12442291659968388	0.9922292768432244	0.9861993127930124	-0.16556242160161172	0.9866361582471495	0.1629389187373782	-0.9696911412438372	-0.2443339734732455	0.1352430736989354	-0.07692364508646411
0.42391439070987	0.9057022630804672	-0.6405931786981593	0.7678804460366131	-0.967027724791328	-0.2546711202411989	-0.737725399290533	-0.6751009074513408	0.08847752951675236	0.9960781730218828	0.6071811577085612	-0.7945634283829651	-0.9843434535412244	0.17626107190907284	0.2987080065349145	-0.9543445535192924	-0.924172832837798	-0.3819745738194614	0.2988630849994651	-0.018556615912523444
-0.7547344178384294	-0.6560304554897487	0.13924808293982588	0.9902575278166702	0.5445437762130154	-0.8387324220439254	0.9498331289724457	-0.3127571375786868	0.8043659457871728	-0.5941341811896594	0.5781937172793769	-0.815899519119025	0.294009149484186	-0.9558026051542156	-0.9220499610620884	-0.3870708840837825	-0.5116935462152566	-0.8591680363943104	0.39047163603356905	0.045632829029388706
0.26752833852918034	0.9635499925192342	-0.8568571761676325	0.5155538571769497	-0.7259954919230442	-0.6876994588535146	-0.9377617979147236	-0.3472791533791585	0.7587943792565098	0.6513302465022855	-0.4853749647636196	-0.8743060926132878	0.15153781998254387	0.9884514601713824	0.08374296990831145	-0.996487388274902	-0.585498681372837	-0.810673358456209	0.32132021887807233	0.0988015909979344
-0.4382213849491961	-0.898867074585118	-0.615924035546417	0.7878055486198458	0.9780435527104931	0.208400597411419	0.4081523399131671	0.9129138335151936	-0.666823334846813	0.7452158345766514	-0.9524833487660233	-0.3045906602695858	-0.11069328020755033	-0.9938546159861072	0.6417271032130843	-0.7669330642251274	-0.9994492705470908	0.03318366469948841	0.11018442591137616	0.13806767516202487
-0.09575431558441433	0.9954049985041066	-0.9816622220939208	-0.19062864872213134	0.2837511040077713	-0.9588979669257678	0.2892285443195263	-0.9572600739354	-0.8326936983016157	-0.5537338754390758	-0.7709061167671645	0.6369487884680926	0.3867575903824441	0.9221814172285004	0.9251665811549152	0.3795613219416935	-0.9805563437725006	0.19623775550975286	-0.0889812901014959	0.15177473433851751
-0.019108281350788646	-0.999817420124204	-0.999269747167638	0.03820958512630589	0.05729693629920999	0.9983571811184232	-0.9571291184204708	0.2896616140803826	0.8321922986566949	-0.5544871306500144	-0.6359018439187043	0.7717699429887069	0.3850880438870276	-0.9228798396623814	0.30789782018267164	0.9514194302865372	-0.2713196352150503	0.9624893015232802	-0.18060602409232027	0.13368887424675335
-0.4999999999999425	0.8660254037844718	-0.500000000000115	-0.8660254037843722	1.0	-1.9919689537265755e-13	0.0	0.0	0.0	0.0	0.0	0.0	0.0	0.0	0.0	0.0	0.0	0.0	-0.16045818374778106	0.09304397115025777
0.2702210217947633	-0.9627983170842136	-0.8539611987603882	-0.5203366900495495	-0.7317375571989888	0.6815864929592257	-0.572565669449493	-0.8198588623463517	-0.34433710833570785	0.938846076746877	0.9668768833505677	-0.25524320253885896	-0.7628639116460061	-0.6465590864786874	-0.94407801315689	0.32972216345544464	0.6346394526704007	0.7728083624768914	-0.11932551427658775	0.049172573513247775
0.7765238627180474	0.630087843581705	0.2059786187411138	0.9785564922995008	-0.4566292373936921	0.8896570909947581	-0.3531529719697183	0.9355655927774148	-0.7505659567779107	-0.6607955391239104	0.8832821685605469	-0.4688417757655323	0.1266985109478812	0.9919412721142264	-0.8637202168066448	0.5039716133667478	0.3152567969580767	-0.949006402492488	-0.12352960855274298	0.013226228179740285
-0.9829730996838818	-0.18374951781667795	0.9324722294042768	0.3612416661873572	-0.8502171357294414	-0.5264321628776351	0.7341564315203786	-0.6789803635284776	0.07797133188547292	-0.996955601520953	-0.6196701219645202	-0.7848623700652723	-0.9878409428080108	-0.15546791216254305	-0.8464183375497945	0.5325185422681938	-0.5968937087390935	-0.8023203228559589	-0.17131826662561864	-0.007727760864183253
0.9339035650328692	0.35752500782308533	0.7443517375622054	0.667787758788768	0.4564019176626394	0.8897737294131949	0.0	0.0	0.0	0.0	0.0	0.0	0.0	0.0	0.0	0.0	0.0	0.0	-0.1941541586005364	-0.019158413081501343
-0.1482636477117525	0.988947870601482	-0.9560357815344108	-0.29325003738429173	0.431754352338248	-0.9019912301330762	0.0	0.0	0.0	0.0	0.0	0.0	0.0	0.0	0.0	0.0	0.0	0.0	-0.17890472458022655	-0.03335952602584524
0.15569913397857515	-0.987804525034342	-0.9515155593566434	-0.30760061817592954	-0.451999431096513	0.8920182253118086	-0.9868210630902932	-0.1618152942133204	0.9476316211173132	0.3193654813197148	-0.8834646244476368	-0.4684978733672075	0.7960113786828538	0.6052816575838246	-0.3134890647586572	0.9495918103462888	0.006194694928705689	0.9999808126932936	-0.12834896811944652	-0.049443471643372254
0.816694382599391	0.5770704336825789	0.33397942913880063	0.942580363105513	-0.2711761352365713	0.9625297417109544	0.19047273530885545	0.9816924860178786	-0.9274402742079254	0.3739713060879513	-0.5437769070368119	-0.8392298108226842	0.7202909244457437	-0.693672101328211	-0.4109476956841833	0.9116589227402208	0.722063721614349	-0.6918265548014442	-0.08598611955745772	-0.06281432088161165
-0.9500907234655996	0.3119737443834236	0.8053447656307725	-0.5928067210070379	-0.5802104585691491	0.8144665884902693	0.07718457673123373	-0.9970168208785748	-0.9880850822296404	-0.15390864262686615	-0.2297144344239159	0.9732580740057082	0.9526242594495112	0.3041496676116389	0.23771072047578226	0.97133599406739	-0.3843754211697101	-0.9231768712444046	-0.05861349291018904	-0.09284149768698093
0.37935245467688505	-0.9252522440559774	-0.7121834302612438	-0.7019934199558626	-0.9196895195764992	0.3926463900014207	0.0	0.0	0.0	0.0	0.0	0.0	0.0	0.0	0.0	0.0	0.0	0.0	-0.04590825489470796	-0.17144009012726358
0.03234485396788567	0.9994767683252052	-0.9979076208435924	0.06465586023154613	-0.09689920650713807	-0.9952941996104906	0.0	0.0	0.0	0.0	0.0	0.0	0.0	0.0	0.0	0.0	0.0	0.0	-0.021982550057947803	-0.2632943126227956
-0.29490822561590296	-0.9555255823179618	-0.8260582769281594	0.563584708023985	0.7821309870243298	0.623114049862742	0.0	0.0	0.0	0.0	0.0	0.0	0.0	0.0	0.0	0.0	0.0	0.0	0.018250420829825642	-0.29866455618102383
0.9856803307443704	0.16862468853542245	0.9431314288326637	0.3324200775345233	0.8735718666700106	0.4866951754051741	0.0	0.0	0.0	0.0	0.0	0.0	0.0	0.0	0.0	0.0	0.0	0.0	0.04914065715703553	-0.2676311621416646
-0.8777535286162571	0.4791124533986877	0.5409025139965806	-0.8410852931493803	-0.07180465197954905	0.9974187144595272	0.0	0.0	0.0	0.0	0.0	0.0	0.0	0.0	0.0	0.0	0.0	0.0	0.04623167593475208	-0.1905272831699968
0.55072632957342	-0.8346858749940534	-0.39340101982917774	-0.919366976564507	-0.9840389289753466	-0.17795332607471312	0.0	0.0	0.0	0.0	0.0	0.0	0.0	0.0	0.0	0.0	0.0	0.0	0.020164108637516498	-0.08802092690487606
0.2275938419516505	0.9737561517678268	-0.8964020862113744	0.4432418074097884	-0.6356250314202929	-0.7719979400438525	0.0	0.0	0.0	0.0	0.0	0.0	0.0	0.0	0.0	0.0	0.0	0.0	0.008479285013894831	0.02462045480650921
0.2275938419516496	-0.9737561517678271	-0.896402086211375	-0.4432418074097868	-0.6356250314202916	0.7719979400438534	0.0	0.0	0.0	0.0	0.0	0.0	0.0	0.0	0.0	0.0	0.0	0.0	0.052882974718164166	0.13754996453986934
-0.9445551335292912	-0.3283528585583849	0.7843688005530746	0.6202947563206794	-0.5372040207559472	-0.8434523342096125	0.08731413238393818	0.9961808281060422	-0.9847524845720802	0.17396132940718428	-0.2592797499906153	-0.9658022630149528	0.9394749117417702	-0.3426177027063736	0.2446258105767733	-0.969617560071834	-0.4095718345225829	0.9122778701502112	0.1465577561604582	0.24427874960025456
0.058144828910545926	-0.998308158271264	-0.9932383577419268	-0.11609291412536972	-0.17364817766713778	0.9848077530121716	0.247085449203671	-0.9689936949185068	-0.8778975615836403	-0.4788484847689283	-0.6809168759210733	0.732360708999251	0.5414082572690028	0.8407598342933262	-0.9529875697803288	-0.3030093923365791	0.9817210521207944	-0.19032544712371047	0.16874666742738548	0.3404469901945731
0.9906859460363217	0.13616664909631293	0.9629172873477632	0.2697967711571532	0.917211301505373	0.3984010898464257	-0.1431810958450381	0.9896965059009828	-0.958998347585228	-0.28341166053781586	0.4178019644867053	-0.90853812163885	0.8393556613423957	0.5435826282843021	-0.2766111562226249	0.9609819292022002	-0.007083842560892669	-0.999974909272514	0.05741060129518261	0.4259242936912055
-0.006411369654005317	0.999979446958366	-0.9999177886783192	-0.012822475761715777	0.01923305478766988	-0.9998150276943903	0.2898932317116667	-0.9570589920207456	-0.8319238284155318	-0.5548898482712085	-0.7722314060263078	0.6353413693020717	0.3841945125711105	0.9232521738453946	0.9551807088787388	0.29602333250254065	-0.9588979342161345	0.2837512145454712	-0.16993296618938836	0.5004127381526253
-0.9444700430105558	-0.32859753172481204	0.7840473242887221	0.6207010498425913	-0.5365483771760053	-0.8438695627582472	-0.4238914258029861	0.9057130114615288	-0.6406321182614232	-0.7678479595934875	0.9670083498530296	-0.2547446786775348	-0.17918097810376396	0.9838161297141748	0.6979678131772565	-0.716129130652118	0.1027376931426473	0.9947084831284628	-0.3289994345808693	0.562091153548446
0.6569537630822891	-0.75393086763444	-0.13682350634403906	-0.9905954411926812	-0.836727197823949	-0.5476199379329447	0.4615209782024259	-0.8871292953561368	-0.5739967733581518	-0.8188575603695862	-0.9913440828530063	0.13128941081569082	-0.341055408348861	0.9400431949841408	-0.365636215980278	-0.9307578404524046	0.9720321027232844	0.2348480173971032	-0.3276067907717316	0.6103742410667443
0.6265099998360264	0.7794133820415597	-0.21497044021092435	0.9766205557101086	-0.8958722607586198	0.4443117063540408	-0.8329033841088725	0.5534184246481026	0.3874560945200249	-0.9218881574352116	0.18747639947020076	0.9822691075472596	-0.699755549638579	-0.7143823701282179	-0.9531640250805652	-0.30245386638662003	-0.09048057300238611	-0.9958982206576934	-0.19805498653654327	0.6464711976595922
-0.8235325976284346	0.5672689491267462	0.3564118787132742	-0.9343289424566033	0.2364989970236881	0.9716317329146829	0.7578753029139494	-0.6523994368736759	0.14874994953382115	-0.9888748416830544	-0.5324074767911906	-0.8464882034953811	-0.9557469050273713	-0.29419016559123945	-0.2540490739209504	0.9671913295930166	-0.9942209598533724	-0.1073530762867957	-0.05480678094039937	0.6672041294011366
0.030929786154121026	-0.9995215597116754	-0.9980866966569208	-0.06182997619663125	-0.09267100233586337	0.9956967838283232	-0.9521044441509172	-0.3057729998349644	0.8130057451438538	0.5822556640884546	-0.5960283219924648	-0.8029634109863578	0.3219566832738255	0.9467544000929268	-0.3350750925667385	0.9421914255295426	0.2761783188587854	0.961106412522742	0.028208449698042037	0.6681944926522865
0.9924205096719496	-0.12288829066460295	0.969796936035064	-0.2439137201081599	0.9324722294044778	-0.361241666186838	0.963624985573288	0.2672580909512007	0.8571462256422395	0.5150731480743904	0.6883100530641149	0.7254166188135446	0.4693993042654741	0.8829860096032602	0.9891640892785456	0.1468141835169387	0.9234783093519896	-0.3836506381545468	0.05008949447846711	0.6501066203068218
-0.752685346614501	0.6583804135845843	0.13307046201638326	-0.9911065796062228	0.5523649729605943	0.833602385221061	-0.4897018359163006	-0.8718899654774132	-0.5203842238004093	0.8539322336225782	0.9993680554701796	0.03554560037124543	-0.4584005192392911	-0.8887457251436702	0.9426266721756866	0.3338487036113674	-0.20544387996685	-0.9786688981387764	0.06363015434164765	0.6163901713267286
-0.19006404371171784	-0.9817716940755372	-0.9277513185759004	0.3731989963554004	0.5427283780465455	0.8399082733626131	-0.8062809099669451	0.5915328344419056	0.30017781155425005	-0.953883264058292	0.3222256318632513	0.9466628978524132	-0.8197865629010022	-0.5726691813664858	0.733995203087215	0.6791546523767306	-0.4275051828554529	0.9040128973812962	0.07676299227834606	0.5672964083559261
0.999662965303513	-0.025960658708654456	0.9986520883988256	-0.05190381813185198	0.9969680506871188	-0.07781199077986921	0.8549271841936222	-0.5187480214196138	0.4618009805464717	-0.8869835705165667	-0.06531476028072644	-0.9978647113158532	-0.5734797087326344	-0.8192197651863221	0.8411720037297142	-0.5407676581872638	0.8681060844094437	0.4963787124880599	0.08302930422368902	0.5017108084627553
-0.6793539237378032	0.733810770091344	-0.0769564926041021	-0.9970344518852268	0.7839153141531952	0.6208677638886538	-0.737725399290533	-0.6751009074513408	0.08847752951675236	0.9960781730218828	0.6071811577085612	-0.7945634283829651	-0.9843434535412244	0.17626107190907284	0.9965729614352946	-0.08271839297330967	0.005780327862827685	-0.99998329376535	0.07170863152439078	0.4295222968461391
-0.5114354791033583	-0.859321680579699	-0.4768675014286368	0.8789751908223628	0.9992093972273108	-0.039756515096702603	0.6423674897118962	0.7663967694094469	-0.17472801632247395	0.9846167377777068	-0.8668466841667098	0.4985747949397166	-0.9389402406240266	-0.3440802588596084	0.3300518350185533	-0.9439628097551755	-0.9871108847410032	-0.16003781186280272	0.0484372402451313	0.3568441938463037
0.9327732922113658	0.3604635700555188	0.7401320293256602	0.6724615819258971	0.44797748711898466	0.8940448372618454	-0.007691344320103003	-0.9999704211738212	-0.9998816864450992	0.015382233638332556	0.023072212979732942	0.999733801063172	0.9995267737765916	-0.03076082742317698	0.35327862740324284	-0.935518151304442	-0.36762718852923026	0.9299732524401408	0.050884545231079326	0.2890340257186762
-0.8090169943749725	-0.5877852522924385	0.3090169943750288	0.9510565162951272	0.3090169943748253	-0.9510565162951932	-0.9177395816977671	0.3971826534293852	0.6844918796295858	-0.7290204844317864	-0.3386310008757818	0.9409192554336776	-0.06294173344231331	-0.9980172033543694	0.9759250241562436	0.21810627507166155	0.509008811851901	0.8607613080622966	0.0907510344244391	0.2283192444526679
0.6985113652489601	-0.7155989607440986	-0.024163745236067968	-0.9997080140801944	-0.7322686665977077	-0.6810158587868678	0.9215004078648836	-0.388377391598498	0.6983260033902938	-0.7157798495270311	0.3655149860287345	-0.9308054549627512	-0.02468158597787861	-0.999695363255035	0.3657560501707844	-0.9307107562306705	0.9216009657795624	-0.3881387121560769	0.11786701880455465	0.17145800086566998
0.4722710747727608	0.8814533634475402	-0.5539200638659627	0.8325698546348694	-0.99547192257311	-0.09505604330391783	-0.3531529719697185	-0.9355655927774144	-0.7505659567779104	0.6607955391239108	0.8832821685605472	0.4688417757655317	0.12669851094788026	-0.9919412721142264	0.6578735048481104	-0.7531284429756077	-0.9914413721107777	0.1305526930672012	0.08322130153220897	0.11650530225633092
-0.8595696069871986	0.5110186794471147	0.4777198185122544	-0.8785122509109469	0.03830273369004994	0.9992661810508094	-0.7552469865427669	0.6554403018720085	0.1407960213638607	-0.9900386256950316	0.5425754448382333	0.8400070753622217	-0.9603529607362143	-0.27878699898881	0.3142451178817804	-0.9493418804031906	0.9841295929198842	0.1774512449641958	-0.02146207851759496	0.06725946670195904
0.17808204976040054	-0.9840156419250328	-0.9365735671062684	-0.3504710450206124	-0.5116559309237894	0.8591904377671522	0.260600561512834	-0.965446708699758	-0.8641746946783913	-0.5031919087957489	-0.7110093828695754	0.7031825207379842	0.4935958058449814	0.8696914282964064	-0.9036063806426856	-0.42836375764276063	0.9964229449685192	-0.08450630000339006	-0.10454412805840874	0.029694480910473556
-0.26891982061502906	0.9631625667977242	-0.8553642601607611	-0.5180270093727098	0.7289686274209072	-0.6845471059292256	-0.9976492480334304	0.06852720553423314	0.990608044203338	-0.13673223014212002	-0.9789094927572238	0.2042944076322077	0.9626085944807246	-0.2708960941612924	0.20228481764004194	-0.9793267343192132	0.3342904959956959	-0.9424700866801828	-0.050709367164780805	-0.001109653106603492
0.8037837445730378	0.5949215847152847	0.2921366160797087	0.9563765981795544	-0.33415441817414954	0.9425183418982866	0.9891563338781426	0.1468664262135919	0.9568605057024951	0.29054771144644254	0.9038129258287888	0.42792779192850333	0.8311640547464694	0.5560272602106914	0.7076937749882509	0.7065192996959665	0.8824417890371719	0.4704216076679252	0.16419193710987068	-0.025282642505802144
-0.3528458412712264	-0.9356814694636206	-0.750999624595201	0.6603026305095772	0.8828200299405646	0.4697113951521088	-0.21888660874909632	-0.9757503023367812	-0.9041773050206402	0.4271573493288069	0.6147112167568266	0.7887522551431102	0.6350731978287752	-0.7724519618717614	-0.8357582471129704	0.5490975800189388	0.9902247063271324	-0.1394812925784121	0.3654682190443311	-0.05502915482822546
0.8392292872864044	-0.5437777150277064	0.40861159327849295	-0.9127083684498632	-0.15339165487825993	-0.9881654720813254	-0.18517113188971288	0.9827062897502402	-0.9314233038293652	-0.36393767197638416	0.5301165467667921	-0.8479247884358917	0.7350987418328195	0.677960057640423	0.3789727437419204	0.9254078341470428	-0.689774817825561	-0.7240239641708787	0.3646430069943697	-0.09034109983496841
-0.16442645194746078	0.9863893459988146	-0.9459278837999388	-0.32437700080272275	0.4754975834102486	-0.8797170273281139	0.08974559966301021	-0.9959647219360364	-0.9838914546822533	-0.17876690242670565	-0.2663454568705508	0.9638776362196696	0.9360847891935212	0.3517744553553038	0.9676524401778924	0.25228704885064995	-0.9971655412388644	-0.07523884213491377	0.1170909194664536	-0.11144313400210804
-0.28071243301618665	-0.9597919201317194	-0.8424010599002658	0.5388510501789049	0.7536573352162232	0.6572675414736234	-0.984267324171566	0.1766856942939789	0.9375643308637092	-0.3478119110842599	-0.8613605461842898	0.5079941037818274	0.7580537490158298	-0.6521920833642842	0.445877577092756	0.8950939538651198	0.10671457352030797	0.994289696113954	-0.16760191804371485	-0.12310913860994074
0.6294950157908498	0.7770045206396664	-0.20747205018895565	0.9782409459792568	-0.890700258810563	0.4545910788332697	0.895827441169467	-0.444402065305468	0.6050136087044692	-0.7962151300260472	0.18814814474739167	-0.9821406597978288	-0.2679170665647909	-0.963441978244314	0.9092213229488028	0.4163130863847887	0.21861649550089726	0.9758108566186924	-0.2765664814980909	-0.13172324609186606
-0.5787789449209148	-0.8154844774220003	-0.3300298658324655	0.9439704908833778	0.9608076199987258	-0.2772160120779174	-0.9994243399538068	-0.03392622448634028	0.9976980225842048	0.06781338902877061	-0.9948230354350676	-0.10162247865387933	0.9908026885368652	0.13531456827747573	0.5507794555606013	0.8346508200034117	0.6061120744528906	0.7953792511767035	-0.1992794508891428	-0.13219646422115516
0.16113406059107166	-0.9869325278444484	-0.9480716290348656	-0.3180568914819737	-0.4666673232262318	0.8844329309975199	0.9747429471274336	0.2233297719188496	0.9002476259493492	0.4353782401229541	0.7802771009972546	0.6254339658663577	0.6208915760548788	0.7838964541213902	0.3774757054459464	-0.9260194878068632	-0.06334712723964318	-0.9979915538071876	-0.08964053012066707	-0.12684110994052655
0.04677260711764046	0.9989055627152242	-0.9956246464468378	0.09344283486500947	-0.1399085279674355	-0.990164432709025	-0.3258588574256284	-0.945418428547521	-0.787632010074528	0.6161459378312565	0.8391725911751019	0.5438652059292499	0.2407283665880827	-0.9705925270265756	0.9291424590554322	-0.36972191006271776	-0.9596249956837766	-0.2812825406222569	-0.04608147644386429	-0.12801205054730647
-0.9428774454611256	-0.3331397947419405	0.7780357543185955	0.628219997295449	-0.5243072835575492	-0.8515291377331158	0.2047887752659992	0.9788061899707482	-0.916123115050104	0.4008970417337768	-0.5800122367139645	-0.8146077616019037	0.6785631238582128	-0.7345420933750386	0.132988575937078	-0.9911175705587244	-0.5191700105009136	0.8546709894435877	-0.07509590356429376	-0.13137326466832144
0.661685837596673	-0.7497812029678987	-0.12434370464797873	-0.9922392066001102	-0.8262387743164162	-0.5633200580630041	-0.0415700870118688	-0.9991355903308748	-0.9965438557316512	0.08306830685341873	0.12442291659968388	0.9922292768432244	0.9861993127930124	-0.16556242160161172	-0.7766394226897394	-0.6299454001134926	0.7216267470029099	0.6922823398079704	-0.0929355959783844	-0.12486829079172655
0.27821746391640173	0.960518111631387	-0.8451900855438514	0.5344658261277115	-0.7485107481709955	-0.6631226582409143	-0.6881802866117994	0.7255397253899346	-0.052815786237803	-0.9986042723341828	0.760873852433317	0.6488998233034762	-0.9944209854481652	0.10548413956751802	-0.8883578210034923	-0.459151806989722	0.5054302728866976	-0.8628674517269026	-0.07160616772925255	-0.11133576458313332
-0.9598234327778838	-0.2806046647696349	0.8425220442190416	0.5386618651853565	-0.657521368568837	-0.7534358963278583	0.8225426955391792	-0.568703362057181	0.35315297196971795	-0.9355655927774148	-0.24157590053588954	-0.9703819270165092	-0.7505659567779112	-0.6607955391239098	-0.9490765699022082	0.31504549586156433	-0.6299149373753692	-0.7766641305425303	-0.03006882443090642	-0.09511820341067699
0.9996425888107844	0.0267337733152848	0.998570610728654	0.053448436731143925	0.9967848320275308	0.08012489400833547	-0.8985412375871027	-0.4388891025708405	0.6147527112891245	0.7887199147749918	-0.20622008643641027	-0.9785056340921904	-0.24415820792534085	0.9697354121113068	-0.8864869271161397	-0.4627536364548458	-0.9099532506734948	0.414710840934668	0.021934490899246484	-0.07401673422671873
-0.3515632390390379	0.93616413569223	-0.7528065779127605	-0.6582417916322837	0.8808814768408461	-0.4733369030180194	0.8423285423812971	0.5389644020617682	0.4190347466204013	0.9079701983681931	-0.13639868772553948	0.9906540253725064	-0.6488197622495522	0.7609421240241827	-0.8006908943196352	0.5990777009317095	0.20842739293043447	0.9780378427628565	0.060684567396577786	-0.050916209338656704
-0.12774070605481674	-0.9918075982853816	-0.9673646240332338	0.2533884057510134	0.374884386227732	0.927071570571904	-0.16856048051783853	-0.9856913129411232	-0.9431747288151908	0.3322972027032297	0.4865244515205797	0.8736669606163434	0.7791571381512173	-0.6268286480913303	-0.956084098944612	0.2930924696154257	0.9991481685331876	0.041266661081028874	0.08552137246064273	-0.03389082562627665
0.099446824513426	0.9950428780179252	-0.9802206581883915	0.197907708947166	-0.2944064880720175	-0.9556802916148794	-0.8963738425436507	0.4432989221772713	0.6069721311929391	-0.7947231165349989	-0.19177404056499767	0.9814391052762138	-0.2631696639102029	-0.9647495675030856	-0.5302429675633797	-0.8478457379438672	0.3519599031276525	-0.9360150781853748	0.10517470691668007	-0.02460001443386872
-0.8188626106821646	-0.5739895685696644	0.3410719503464211	0.9400371932465696	0.2602804752999087	-0.9655330518307768	0.8619745906418611	-0.5069514819859946	0.4860003898244076	-0.873958592320325	-0.024134616500505586	-0.9997087177205036	-0.5276072421810477	-0.8494884331161368	-0.9968236260655776	-0.07964080937229091	-0.4148539012037915	-0.9098880374287788	0.10071121266532083	-0.018604137261694187
0.9995730058628934	-0.02921995808039391	0.99829238809956	-0.05841496265921416	0.9961592403425532	-0.08756008154488662	-0.9954907847165282	-0.09485830245408652	0.982003804911058	0.18886113189379272	-0.9596606919745228	-0.28116073032872124	0.9286629457195908	0.3709247002390273	-0.9978374716091964	-0.06572959951624824	-0.9922939603666248	0.12390599751391812	0.06788250222644954	-0.01315112665019813
-0.0519896741620294	0.998647622427714	-0.994594147561052	-0.10383872898540444	0.15540692547235016	-0.9878505390570133	0.9998792462651026	0.015540041452021702	0.9995170142233388	0.031076329867951818	0.9989133913564532	0.046605113118085004	0.9980685234438764	0.06212264088526954	-0.06750242166318783	0.9977191103059044	-0.036464370766208634	0.9993349536890144	-0.000580086634284771	-0.008122630296189315
-0.08828470455059596	-0.996095282060112	-0.984411621884828	0.17587995536183906	0.26210168293914604	0.965040262269128	-0.7879560486203699	-0.615731488103843	0.241749469114854	0.9703387007548891	0.40698013574074576	-0.9134370088366488	-0.8831143883653725	0.4691577315381832	-0.5437627633647848	0.8392389750112259	0.6828916972673944	0.7305196299917321	-0.058864398048966475	-0.006946020089418471
0.9978043956667783	0.06622981192827992	0.9912272240238892	0.13216879493244346	0.980297366804452	0.19752739717886628	0.04958983873553048	0.9987696670875544	-0.995081695788368	0.09905765344962256	-0.1482817203811768	-0.9889451609673808	0.9803751625861088	-0.19714091555093385	-0.016667368140160545	0.9998610897716144	0.11562928628159852	-0.9932924383855984	-0.09138310939239182	-0.018168341632816328
0.1852887240870312	0.9826841245925366	-0.9313361774524	0.3641605752526645	-0.5304209081195272	-0.8477344278898054	0.6394275416662093	-0.7688513633718211	-0.18226483791741635	-0.983249474375114	-0.8725178561496562	-0.4885822251167228	-0.9335590577178758	0.35842361215873	0.8740167422982552	0.4858958058908775	-0.6370593156153774	0.7708147821543557	-0.11612477414585297	-0.047517036904656806
-0.775350490719323	0.6315311683054962	0.20233676691739028	-0.9793160025004276	0.4615866676794034	0.8870951179104886	-0.8571028667207173	-0.5151452958720754	0.4692506482817437	0.883065019739296	0.052710715015041314	-0.9986098239665998	-0.5596076581743266	0.8287576659751907	0.989885438858019	-0.14186901683196	0.33922481775967456	-0.9407053327242892	-0.1558547247934743	-0.08241171584039553
-0.7903926695187758	-0.6126005451931814	0.24944114405803386	0.9683899605277924	0.3960797660390821	-0.9182161068803064	0.8805891212803953	0.4738805751269205	0.5508744010347583	0.8345881584857266	0.0895988882057284	0.9959779310970186	-0.3930747885691927	0.9195065038330532	-0.4057116876387951	-0.9140011085952144	-0.9863106849972147	-0.16489764297989531	-0.18562546055873	-0.10607138530121564
0.8565042365724062	-0.5161399933482385	0.4671990145329607	-0.8841521819344395	-0.05618836603253818	-0.9984201858549304	-0.4729723177145474	-0.8810772875722817	-0.5525943733514583	0.8334503335774178	0.995696000754662	0.0926794156281336	-0.3892789170806181	-0.9211199296055542	-0.8598620192508214	-0.510526500634296	0.049656431442861436	0.9987663584724707	-0.16430015425052794	-0.11393554628571677
0.7384553406257905	0.6743023875838254	0.09063258019750504	0.9958843986159954	-0.6045991148627048	0.7965299180239459	0.4369215686673469	0.899499606911123	-0.6181990856665297	0.7860215585345397	-0.9771305971836266	-0.21264006218859527	-0.2356597809621333	-0.971835617600466	-0.28388766675388233	0.9588575455535806	0.9291817983878832	-0.36962303167505584	-0.07970396087872156	-0.10562425379524433
-0.920598612422128	0.3905101724749981	0.6950036103870945	-0.7190062458344182	-0.3590401062793289	0.9333221320010192	0.12150961999115432	-0.9925902539565888	-0.9704708244992104	-0.2412185291303769	-0.3573527021859569	0.933969510337674	0.883627242408355	0.4681910896992874	0.2757550037097929	0.9612279531562804	-0.4994781788293863	-0.8663264678360459	0.025290224875824663	-0.08344652624211955
-0.06279051952935222	-0.9980267284282692	-0.992114701314468	0.12533323356438145	0.1873813145858393	0.9822872507286668	-0.9900119422970224	0.1409835242476129	0.9602472917814456	-0.2791507453445172	-0.9113006305469864	0.4117416189367609	0.844149722747201	-0.5361074944316891	0.20286868966422572	0.979205951143027	-0.07854196127003955	0.9969108086082002	0.10100034882842328	-0.05994842441372484
0.9813701261394456	0.19212671735354375	0.926174648957903	0.3770948416880098	0.8364701380105024	0.5480125073542491	0.9444404824713516	0.3286824836666542	0.7839356498614392	0.6208420869080341	0.5363206442919088	0.8440143165292352	0.2291102062473541	0.9734004897231636	0.8636969887756254	0.5040114200887885	0.9899943620525934	-0.14110692082275278	0.13575400302166846	-0.04387455901519188
-0.9371099156276762	0.3490343909019424	0.7563499879354202	-0.6541671772185531	-0.4804562311306351	0.8770187055974038	-0.35740183679343385	-0.9339507091151436	-0.7445278541133594	0.6675913978245648	0.889593082001411	0.4567539254951519	0.10864345110128734	-0.9940807816937226	0.6609057220111123	0.7504689378068693	0.008943888234229895	-0.999960002631732	0.146997815203267	-0.034127425715022475
0.2157841967678933	-0.9764410788292528	-0.9068743608504702	-0.42140110777269096	-0.6071625078189247	0.794577679713591	-0.8304906509440154	0.557032565201161	0.37942944261082867	-0.9252206753418536	0.20026544138163088	0.9797416766618742	-0.7120665961600717	-0.702111930273948	0.36470272087084815	0.9311240118208745	-0.7231162369452468	0.6907263625098911	0.14300199611184772	-0.0347287929780844
0.9680501477084954	0.2507566779201709	0.8742421769568794	0.4854900781990262	0.7245703893637117	0.6892008059029815	0.9237002515366683	-0.3831159684887796	0.706444309377809	-0.7077686329216	0.3813853210011911	-0.9244161600301124	-0.0018728754954210522	-0.9999982461671514	0.9902570524548614	-0.13925146341568492	0.7981192774220307	0.6024994763544076	0.11508612934692812	-0.044559970140153005
-0.834086017983395	0.5516344030284946	0.3913989707907927	-0.9202210852093688	0.18116520000401215	0.9834526782247868	-0.8963738425436509	-0.4432989221772711	0.6069721311929396	0.7947231165349986	-0.1917740405649984	-0.9814391052762134	-0.2631696639102019	0.964749567503086	0.9921918252501426	-0.12472121674675375	0.5031139526532744	-0.8642200822970957	0.07101803866616807	-0.04013022458815785
0.1736481776669737	-0.9848077530122004	-0.9396926207858782	-0.3420201433257515	-0.5000000000001144	0.8660254037843726	0.5748666487116029	0.8182471119405742	-0.3390566723981813	0.9407659501184512	-0.9646913946813034	0.2633828259925878	-0.7700811458045448	-0.637945945105351	0.9056406456692097	-0.42404601272958253	-0.7059915537686292	-0.7082202524690725	0.043321680540311276	-0.022984308041391288
0.2187955187711572	0.9757707317631844	-0.9042570419313204	0.4269885269156751	-0.6144902959548281	-0.7889243792514894	-0.06085191470261541	-0.9981468050727936	-0.9925940889540512	0.12147828848595547	0.1816544163733198	0.9833624321744596	0.970486050853046	-0.2411572621748288	0.9606483121473876	-0.2777675653642365	-0.9872765646385412	0.15901253068711307	0.05557156048905077	-0.012346291709826152
-0.8957117602393428	-0.4446351791850683	0.6045991148621244	0.7965299180243864	-0.1873813145852616	-0.982287250728777	-0.6692973992140793	0.7429946106165706	-0.10408198281053886	-0.9945687210314964	0.8086210000143558	0.5883299060355365	-0.9783338817084531	0.20703336905259967	0.929859093398696	-0.3679158414960613	0.2691360097486182	0.963102179551366	0.0833118810418304	-0.021804345080875254
0.8887435927769368	-0.4584046534427222	0.5797303474041156	-0.814808397292703	0.14171967081057485	-0.989906831426747	0.8458040776934942	-0.5334936383473166	0.4307690756858853	-0.9024621894753972	-0.11711159617473768	-0.9931187612976632	-0.6288760068654562	-0.7775056064035542	0.5071469883942018	-0.861859577983961	0.9962589211951982	0.0864185277529064	0.08934265081646307	-0.04857704862773682
-0.610743911982226	0.7918281846313926	-0.253983747953294	-0.9672084861991223	0.9209819675920308	0.3896052044959247	-0.7014298176965518	-0.7127385290877589	-0.01599242169236432	0.9998721130466705	0.7238649405609547	-0.689941698860625	-0.9994884848968272	-0.03198075294055544	0.9927604464453808	-0.1201111817174739	-0.13597246476343766	-0.9907126166685049	0.062473205207909326	-0.07315133665780194
-0.3777973079531561	-0.9258883270153848	-0.7145383882066962	0.6995962348233277	0.9176986669405104	0.3972771786745496	0.6842080158574853	0.7292869058445811	-0.06371878207272624	0.9979678936775312	-0.7714018187671565	0.6363483590005738	-0.991879833622337	-0.12717859746563254	0.4167462866957375	-0.9090228448863724	-0.933730179637594	-0.3579775853792333	0.031312158220363595	-0.08591555963303708
0.18551474643629884	0.9826414803246784	-0.9311685577093514	0.36458897012044417	-0.5310057441821076	-0.8473682196339477	0.06201762598130405	-0.9980750543258972	-0.992307628135286	-0.12379649084090645	-0.18509875266148146	0.982719925392359	0.9693488577109548	0.24568840439562314	0.9922551330164366	-0.1242165488271734	-0.9692447646994308	0.24609873242815514	0.03662560161249884	-0.0871663330312308
-0.38351731457615457	-0.9235336861318568	-0.7058289388405897	0.7083823184518138	0.9249125529247144	0.3801799172001167	-0.999361305494016	0.03573487206212071	0.9974460378374076	-0.07142409679132519	-0.9942566435720348	0.10702208516409913	0.9897971967950868	-0.14248336470124565	0.4162747222933653	0.9092388880704464	0.3502700060554044	0.93664877241042	0.06182354962402047	-0.0848358003845785
0.7867449380334403	-0.6172782212898476	0.237935195042484	-0.9712810319161468	-0.4123563174740932	-0.9110226492460024	0.5719616680645734	-0.820280348578942	-0.34571970052958145	-0.9383378329076028	-0.9674385012599416	-0.2531061956569179	-0.760955777331473	0.6488037491767858	-0.056353247430860336	-0.9984108931216628	0.9563291416287916	0.29229193090391453	0.0480853498331284	-0.08981764406880034
0.04282679731976535	0.9990825118233888	-0.9963317308626634	0.08557500847916467	-0.12816619152157813	-0.99175270473584	-0.9818504717045116	0.18965666667330272	0.9280606975727435	-0.3724289752701752	-0.8405831956599206	0.5416824634175962	0.7225933167584146	-0.6912733891710816	-0.23153217007401974	-0.9728272478815626	0.14743314777400934	-0.9890720231294822	-0.014928323733602531	-0.10890823184997243
-0.5714451753480543	-0.820640244913343	-0.34690082314286297	0.9379018173043508	0.9679147787665696	-0.2512786919841442	0.7491388992871582	-0.662412944902819	0.12241818085034988	-0.9924786088361256	-0.5657224567772249	-0.8245957202762701	-0.970027577994582	-0.2429948516532089	-0.9716945310020166	-0.2362408483323133	0.1155109116756196	-0.993306211237938	-0.07950734173275507	-0.1360325859506688
0.5785610430429194	0.8156390865285263	-0.33053423894617817	0.9437940012970366	-0.9610295111351163	0.2764457970876016	-0.7963615205521725	-0.6048209062059872	0.2683833428323369	0.963312193055886	0.3689011865745037	-0.9294686194508792	-0.8559407625802806	0.5170738931269762	0.032571819481296616	-0.999469397518342	-0.9540593234211172	-0.2996177688209427	-0.05441759868263608	-0.15830264726271492
-0.6710984283588965	-0.7413682616987451	-0.0992537989084381	0.99506215052239	0.8043165652711021	-0.5942010289712539	0.4237103528098629	-0.9057977351052172	-0.640939073843483	-0.7675917558316127	-0.9668553950255606	0.2553245877505085	-0.17839420724131658	0.9839590981452137	-0.9558810441757076	0.29375402871375017	0.3871783404755229	-0.9220048441665694	0.05109143423415974	-0.16826274516239426
-0.5669892186896718	0.8237252126101734	-0.3570464517793512	-0.934086629425652	0.9718721961502595	0.2355088838028653	-0.9938743998202018	0.1105155074278423	0.975572645235933	-0.21967706723134367	-0.9453189547095376	0.3261473192697853	0.9034839722652714	-0.4286218751531077	0.4724816595770021	-0.8813405025093094	0.6545504792824434	-0.7560183000900995	0.1960594542047784	-0.165203403913331
0.6106478796355302	-0.791902245922204	-0.25421833419326195	-0.9671468547020162	-0.921123653114714	-0.3892701063177137	0.4651574117269	-0.8852279832424702	-0.5672571646310625	-0.8235407149465822	-0.99288516069355	0.11907584840992445	-0.35643861834945545	0.9343187418376724	-0.41696664091511343	-0.9089217900149424	0.9850614152506783	0.17220339190715964	0.26213445331022395	-0.14934020191185526
0.0761081403922599	0.997099569233701	-0.988415101932064	0.1517747880006008	-0.2265610110796105	-0.9739969754873906	-0.9632048089959167	0.26876848015929955	0.8555270081457202	-0.5177581851919218	-0.6848906479477761	0.728645867588416	0.4638529233335352	-0.8859122222404054	-0.34129666261999536	-0.9399556309126792	0.19468120896087296	-0.980866569354636	0.20726086900727966	-0.12235989914917722
-0.2736629900723018	-0.9618256431727568	-0.8502171357293746	0.5264321628777429	0.739008917221119	0.6736956436460525	0.8828032028201643	-0.4697430202679545	0.5586829898190802	-0.829381285589935	0.10361106272669424	-0.9946178902878456	-0.37574663377362694	-0.9267224326667548	-0.6934014467243095	-0.7205514788553519	0.21022031846596773	-0.9776540378395964	0.06370123848832665	-0.09037720363356128
-0.816110727043568	0.5778955625408616	0.3320734375911622	-0.9432535354009484	0.27409333787480783	0.9617030945841064	-0.5200068077923685	-0.8541621156721894	-0.4591858396991814	0.8883402302157422	0.9975663331632276	-0.06972381902386315	-0.5782967292395154	-0.8158265091003593	0.9179996303125074	0.3965812385200537	-0.0692333623624376	-0.9976004919485512	-0.053787936278815285	-0.05773779379739075
-0.4280983770280842	-0.9037321392901329	-0.6334635591718405	0.773772524196449	0.970467820203882	0.2412306156952845	0.748036642142543	0.6636574282053272	0.11911763597578215	0.9928801482553375	-0.5698279292719794	0.821764036096499	-0.971621977599082	0.23653907213491976	0.2795352748890276	-0.9601354227882208	-0.9200018198065486	-0.3919140869535552	-0.10968590131378908	-0.03216664871085462
0.9518556284360464	0.3065466728160969	0.8120582747707616	0.58357635179669	0.5940688504811836	0.8044141973436106	-0.10045006989779258	-0.9949421005553682	-0.9798195669150572	0.19988400709008666	0.29729595786547725	0.9547853755880682	0.9200927674192204	-0.39170052252050974	0.20938222616089888	-0.9778338730929228	-0.4006101549789152	0.9162486036702971	-0.1381202390450854	-0.019419586563042882
-0.8783362061879106	0.4780434173790372	0.5429489822011433	-0.8397656832276147	-0.07544729217236858	0.9971497912068464	-0.3516070120214566	0.936147696198278	-0.7527450181946866	-0.6583121885420936	0.8809478653443981	-0.4732133330170952	0.13325012483383789	0.9910824406838044	-0.13869007485414422	-0.9903358335115172	0.7563484128701307	0.6541689983091787	-0.17438642212749011	-0.012940639551716315
0.6691306063588578	-0.7431448254773946	-0.10452846326765447	-0.9945218953682732	-0.8090169943749478	-0.5877852522924726	0.5369687648430926	-0.8436021251649874	-0.42332909116576706	-0.9059759823377028	-0.9915977632539544	-0.12935948326177993	-0.6415849611455314	0.7670519784420654	-0.2676163188628676	-0.9635255605734016	0.9862207892933194	0.16543444250113706	-0.17938693074299114	-0.005812145361075215
-0.4420254416502908	0.897002513337541	-0.6092270178677307	-0.7929958642388949	0.9806131249268376	-0.19595381910343748	-0.8024865371791626	-0.5966702252050093	0.2879692847076069	0.957639645725358	0.3403035889812261	-0.940315621122236	-0.8341473821299786	0.5515416075743549	0.8899341576576019	-0.4560890209534257	-0.1804952256275381	-0.9835758605850716	-0.1261472326642249	0.002089512754993028
-0.3464489515146153	-0.9380688268962059	-0.7599462479888474	0.6499859230534712	0.8730141131610197	0.487694943813936	0.3394228923438283	0.9406338820991672	-0.7695842003058998	0.6385453457974058	-0.8618518826837096	-0.5071600657726764	0.1845196827209432	-0.9828288186091017	0.764786617147012	-0.6442836566550711	-0.9999720274921674	0.007479587769686624	-0.039020761546570304	0.018464151180843325
0.4248583917884212	0.9052598228834396	-0.6389906938539128	0.7692144650018582	-0.9678195089055028	-0.2516453818012791	0.5954367581564423	-0.8034021826184854	-0.2909101340722929	-0.9567503822283222	-0.941873932450166	-0.3359665092994537	-0.8307425877880813	0.5566567639355173	0.980264021023436	0.1976928149603932	-0.4743114140593219	0.8803571334935875	0.027827025694106	0.05349061553475797
-0.8180381938763894	-0.5751639013007116	0.33837297328109056	0.941012078005864	0.2644341620374953	-0.9644037401148586	-0.9999720962225171	0.007470393319262065	0.999888386447311	-0.014940369734138353	-0.9997488753460188	0.022409512363509063	0.9995535707044144	-0.029877404372787682	0.8223120680864131	0.5690367849967579	0.8137186669548978	0.581258919113629	0.05139646869078562	0.0861981562540104
0.9756903098201753	0.21915387133931724	0.90394316135398	0.42765261725069853	0.7882468565024117	0.6153591579021688	0.9921676254512192	-0.12491358215377958	0.968793193987022	-0.24787042438424256	0.9302428602115932	-0.3669444386080187	0.8771205054311509	-0.4802703602682579	0.9954236329819106	0.09556040446280333	0.9406730427581852	0.3393143478075416	0.042567828025664396	0.09668518604754894
-0.9751248946059456	0.22165612989435576	0.901737120160513	-0.4322848206039909	-0.7834877339116323	0.6214072503680781	-0.7065857879723793	-0.7076273908176901	-0.0014730484709039994	0.9999989150635126	0.7086674582014493	-0.7055426519256629	-0.9999956602564049	-0.002946093745479932	0.8458593408825152	0.533406013691069	0.5321594431707353	-0.8466441560916917	0.006492896788193203	0.07543829499329059
-0.6808665106527622	-0.7324075331886832	-0.07284158934306435	0.9973435229959516	0.7800573081855894	-0.6257080756600896	0.7049234982637492	0.7092833436614722	-0.006165723191195956	0.999980991748108	-0.7136162245862768	0.700536854139187	-0.9999239677150592	-0.01233121198315288	0.039525661522943005	-0.999218555713	-0.9994432666028972	-0.03336400518717917	-0.06398565087278019	0.029137230042694976
0.9742864627848152	0.2253128678843113	0.8984682231314938	0.439038554141816	0.776444391293867	0.6301857719976676	0.0049662590832997965	-0.9999876680593204	-0.9999506725414352	-0.009932395679374765	-0.014898287304021969	0.9998890143587972	0.9998026950321368	0.01986381147907688	0.2301486483349313	-0.9731554858652361	-0.2204715303438491	0.9753934100186658	-0.13419204667966833	-0.019940517490455775
-0.9145000814392577	0.4045857153281505	0.6726207979048175	-0.7399873392335078	-0.3157234674841315	0.948851248657974	-0.8304906509440154	0.557032565201161	0.37942944261082867	-0.9252206753418536	0.20026544138163088	0.9797416766618742	-0.7120665961600717	-0.702111930273948	0.5341163490698582	-0.8454109803263059	0.9848511867758306	0.17340167215525454	-0.15895854784404595	-0.05852439416088062
-0.6145926861116122	-0.788844617258756	-0.2445516603562265	0.9696362644914912	0.9151920097743876	-0.4030180954313552	0.8762701814097142	-0.4818200589143072	0.5356988616556271	-0.8444091008633584	0.06256369595819497	-0.9980409730807902	-0.4260534592417307	-0.9046979882083052	-0.9186304045139546	-0.39511793163880654	-0.1584680845902581	-0.987364100100006	-0.1326399107401066	-0.08493608319983803
0.755749574354427	-0.6548607339450903	0.1423148382737954	-0.9898214418808594	-0.5406408174549479	-0.8412535328315986	-0.5131960258740349	-0.8582714250323712	-0.4732596780541938	0.8809229688957149	0.9989459978417098	-0.04590090844450288	-0.5520505542560816	-0.8338106413002614	-0.9498959334354828	-0.3125663379872071	0.17420057720611162	0.984710190310356	-0.10441763541377448	-0.10097274011725932
0.7998736665278816	0.6001684076950762	0.2795957648095136	0.9601178095945222	-0.3525910874401757	0.9357774976231018	0.4012343881023631	0.9159754176854978	-0.6780219316082445	0.7350416724636942	-0.9453258177999956	-0.3261274263240817	-0.08057252051644982	-0.9967487491527772	-0.2288026867716293	0.9734728196134106	0.8706763290686458	-0.4918564119736035	-0.1030965429325722	-0.10220203001182047
-0.9440357285532824	0.3298432100481575	0.782406913570254	-0.6227675502123315	-0.5332044328015578	0.8459864259199251	0.2929932525758192	-0.9561145088037531	-0.8283099078900845	-0.5602701995386867	-0.7783716806828054	0.6278037326354671	0.37219460701776025	0.9281547147468976	0.03877178010083831	0.9992480918509739	-0.5919639774140567	-0.8059644219468562	-0.09267791489653841	-0.08310246453233684
0.09546807299922627	-0.9954324924563264	-0.9817716940756288	-0.19006404371124466	-0.2829237765163995	0.9591423964572195	-0.9907527901056116	0.13567943432202964	0.963182182204108	-0.26884955622900386	-0.9177980786918516	0.39704746158305293	0.8554398322309354	-0.517902204506516	0.040474457792253206	0.9991805734032378	-0.2296449771722321	0.9732744651225392	-0.04738071742576078	-0.056100958657001376
0.9464397731575914	-0.3228804047714988	0.7914964884291862	-0.6111737140979372	0.5517677407703069	-0.8339978178899699	0.9315763921964766	-0.3635456305640277	0.735669148995607	-0.6773410538392601	0.4390876311466812	-0.8984442398802478	0.0824181935678411	-0.996597833315432	0.7642991889599776	-0.6448618067114228	0.9990627096588236	0.04328628153548107	0.005668862097629179	-0.03445642986727249
0.12533323356419168	0.9921147013144922	-0.9685831611286878	0.248689887164635	-0.3681245526843615	-0.9297764858883768	-0.7526411095935206	-0.6584309835888906	0.13293727970033206	0.9911244521581916	0.5525329861935164	-0.8334910312463328	-0.9646553593317514	0.26351477702878373	0.5589081146408024	-0.8292295938934306	-0.7475700025981966	-0.6641830253893367	0.028374675815622582	-0.020219583596718046
-0.9848748795430052	0.17326705297069964	0.9399570567096976	-0.34129273584657865	-0.8666053064621163	0.4989942312409047	0.592134998479872	0.8058387826204706	-0.2987522871504841	0.9543306926439884	-0.9459383686752924	0.3243464238556158	-0.8214941418447093	-0.5702169542505945	-0.7228041963352067	-0.6910528878170007	-0.4435535742669161	0.896247860111835	0.022135903428743497	-0.008586373420485518
0.8090169943750376	-0.587785252292349	0.3090169943752393	-0.9510565162950588	-0.3090169943745088	-0.951056516295296	0.2286697809221963	-0.9735040479078628	-0.8954202625859894	-0.44522191472392464	-0.6381808914798637	0.7698864525045018	0.6035548932991248	0.7973214475822672	-0.3872135835410719	-0.9219900437213416	0.7572090612732199	0.6531725939793626	0.03693151170911402	-0.000666855416645018
0.476093682558371	0.8793945675451998	-0.5466696108560182	0.8373483961688406	-0.9966255789087578	-0.08208200451246192	-0.7567552912605914	0.6536982707251853	0.1453571417018049	-0.9893792505183648	0.5367557190498785	0.8437376950612363	-0.9577426027125628	-0.2876266798288469	-0.9351451215012068	-0.3542648751040569	0.21457229467763167	-0.976708109087242	0.06551194424119987	-0.01130410743984278
-0.13910775684490334	0.9902772500595876	-0.9612980639711584	-0.2755104938206574	0.4065557915216564	-0.9136259564943408	0.9631001028770152	-0.26914344100921883	0.8551236163234343	-0.518424151449305	0.6840391828303144	-0.729445266180291	0.462472798388136	-0.886633470353475	0.13255193170586727	0.9911760617574676	-0.40050132156250096	0.9162961810608456	0.05368623843222242	-0.04198205745803119
-0.9772406498012952	0.21213371343551796	0.9099985752481152	-0.41461137592497455	-0.8013345481861464	0.5982164674123445	-0.6829255032359554	-0.7304880266163964	-0.06722551405983421	0.997737806369685	0.7747455392751712	-0.6322731604087146	-0.9909614605187822	-0.1341468738602668	0.8223437002545008	0.5689910708014103	0.5124214248418619	-0.858734116803936	-0.019768535944022503	-0.06925705973060381
-0.4851211199669807	-0.8744469674954464	-0.5293149979239646	0.8484253844462418	0.9986848891833684	0.05126882207349154	0.7685619843442637	0.6397753326135728	0.1813750475583846	0.9834139983359976	-0.4897660514202492	0.871853895372509	-0.9342061842463874	0.3567335214355455	0.18660394887319545	-0.9824352224268682	-0.9322952500914636	-0.36169817065738014	-0.09814775398539619	-0.08315113460922297
0.9758460594972486	-0.21845930550949813	0.9045510636726156	-0.4263653048838987	0.7895591227006848	-0.6136744998450929	-0.28703207226360555	-0.9579209724669674	-0.8352251789841206	0.5499080835839237	0.7665049001247122	0.6422384588957634	0.3952021992181127	-0.9185941550723948	-0.489365867045885	-0.8720785791260035	-0.07083236628965224	0.9974882334573218	-0.09978065034171411	-0.08637060648186577
0.520425905640943	0.8539068314153507	-0.4583137534756086	0.8887904721446438	-0.99746260608143	0.07119234136648449	-0.5725656694494932	0.8198588623463515	-0.3443371083357075	-0.9388460767468771	0.9668768833505672	0.25524320253886	-0.7628639116460064	0.6465590864786869	-0.9980610904161324	-0.0622419456424726	0.402105076291802	-0.9155935275111788	-0.0307366788321406	-0.07685772375023715
-0.6192187970464669	0.7852184927676669	-0.2331361627686531	-0.9724441010204689	0.907943385561736	0.4190928400899885	0.722964157407967	-0.6908855383516059	0.045354345793223484	-0.9989709621994368	-0.6573850246255922	-0.7535548615714781	-0.9958859666353373	-0.0906153489139649	0.09482310524155224	0.995494137959812	-0.9901690969573	0.13987551405004814	0.045120700557007454	-0.058408737761724165
-0.5508969814520559	-0.8345732537213334	-0.3930250316540263	0.9195277725514068	0.9839295885986594	-0.17855689479847284	-0.9999834981584288	0.005744859513677915	0.9999339931783362	-0.01148952942583274	-0.9998514866935692	0.017233820141198494	0.9997359814271458	-0.022977542077025855	0.5556823967338477	0.8313946559607699	0.5460933845408438	0.837724307490672	0.08874623499015599	-0.03598771406249068
0.9208576808252752	-0.38989887363917297	0.6959577366698084	-0.7180827450715116	0.3608983738590595	-0.932605148895226	0.9837651868452532	-0.17946046124794107	0.9355878856973524	-0.35309390838183213	0.857032395521169	-0.5152625282584076	0.7506493837272845	-0.6607007663911462	0.8359362967316253	-0.5488264824210073	0.975879160138302	-0.2183113941317817	0.10600261096372482	-0.013597826371988364
-0.3527013588334698	0.9357359411057288	-0.751203502954048	-0.6600706758746124	0.8826023513381802	-0.4701202924915236	-0.7857352739386555	-0.6185629145758305	0.2347598414229077	0.9720534022650664	0.4168170973182088	-0.9089903780476573	-0.8897756337101824	0.4563982051406899	0.8559414498052696	-0.5170727555240684	-0.3016816522021649	-0.9534087165138424	0.1292067575135773	-0.006131064885026461
-0.9453798988061352	-0.32597062280718103	0.7874863061333971	0.6163321488064514	-0.5435675500010809	-0.8393654261320408	0.9822375322653852	0.18764176030192745	0.929581139581588	0.3686175591777963	0.8439014369007422	0.5364982430510492	0.7282421901316077	0.6853198614605586	-0.8674219173863829	-0.4975733285031775	-0.9897533203268932	-0.14278783177109505	0.14063231760691108	-0.015790373768698074
0.6146229504016759	-0.7888210372698861	-0.2444772576790781	-0.9696550265314556	-0.9151456172433274	-0.4031234292872709	-0.3674142066416493	-0.9300574179898182	-0.7300136015157747	0.6834326167238196	0.9038489431187124	0.4278517126566011	0.06583971679606523	-0.9978302118558116	-0.959470060884862	-0.28181057869710874	0.507827653473699	0.8614586898786248	0.1279624879568486	-0.030747063776218383
0.015249858632696425	0.9998837141446412	-0.9995348836233656	0.030496170579682444	-0.04573538998010642	-0.9989535895642838	-0.561716082919515	0.827330068466967	-0.3689500843791131	-0.929449210681598	0.9762064753000348	0.2168430713264372	-0.7277516704732907	0.6858407294141513	-0.8357999525385261	-0.5490340966976437	0.818667770826057	-0.5742674298710442	0.1157829524371603	-0.03967724572942277
0.0655466663856719	-0.9978495049483792	-0.9914072690514508	-0.13081141720791856	-0.19551354941936291	0.9807010003020504	0.5854504432675404	-0.8107081956399853	-0.3144955569556811	-0.9492589449961144	-0.9536935697182912	-0.3007799446073204	-0.802185089310272	0.5970754412034304	-0.7705904467867518	-0.6373306546220684	0.8473390965671542	-0.5310522153505801	0.13803634201380527	-0.039313162972469895
0.4600650377310183	0.8878852184024446	-0.5766803221151133	0.8169698930102682	-0.9906859460362692	-0.13616664909669474	0.0	0.0	0.0	0.0	0.0	0.0	0.0	0.0	0.0	0.0	0.0	0.0	0.17847208411340074	-0.040239487080667165
-0.976620555710088	0.21497044021101774	0.9075754196709624	-0.4198891015602529	-0.7960930657056557	0.6051742151937494	0.985584703162088	0.16918272043237415	0.9427544142142023	0.3334878025949921	0.8727439558140173	0.4881782334251503	0.7775717710407274	0.6287941959660465	-0.9989115643889656	0.046644255058789594	-0.9261729966140756	0.37709889994920903	0.17469355276750256	-0.05099791621043359
0.7855320317955795	-0.6188209975615796	0.2341211459537831	-0.97220743106463	-0.4177127128608111	-0.9085791597403396	-0.478044661447876	-0.8783355290896445	-0.5429466033223713	0.8397672212826002	0.9971501117869104	0.07544305510351523	-0.4104179718813992	-0.9118975207537076	-0.9190518625012116	-0.3941366184878716	0.16801307410885155	0.985784767040196	0.11060525858401864	-0.06627985937072522
-0.6568993983257772	0.75397823607796	-0.13696636095846382	-0.9905756992606852	0.8368456385347492	0.5474389256030006	-0.713077938897436	0.7010847688102948	0.01696029388443111	-0.9998561638712608	0.6888899160850265	0.7248659762441365	-0.9994246968627074	-0.03391570876283299	-0.06018218830759889	-0.9981874093628454	0.9970231263498216	-0.07710308374914691	0.04245384134239061	-0.07794436252733784
0.22064263981873444	-0.9753547177790346	-0.9026336509876404	-0.43040967938084573	-0.6189615829050048	0.7854212620547848	0.895827441169467	-0.444402065305468	0.6050136087044692	-0.7962151300260472	0.18814814474739167	-0.9821406597978288	-0.2679170665647909	-0.963441978244314	-0.23579191954474074	-0.9718035658904564	0.631107382428128	-0.775695476230664	0.02228881991631848	-0.08402243617920047
-0.05607044723723762	0.998426815017814	-0.9937122098932324	-0.11196447610339907	0.1675062233048724	-0.985871018518213	-0.8193283629706946	-0.573324544766541	0.3425979327364769	0.9394821214289778	0.2579279561984506	-0.9661641524147384	-0.7652533129693848	0.6437292652888952	0.6183627069487164	-0.7858928442574445	-0.5264824914568749	-0.8501859715317358	0.04513906391393852	-0.08272863271098041
-0.6708392050378791	-0.7416028323733307	-0.09994952196829272	0.9949925090463292	0.8049393207601302	-0.593357135201238	0.8994076431552744	0.4371108457060687	0.6178682171322509	0.7862816710682078	0.212023150747664	0.9772646435572268	-0.2364777325156271	0.9716369085333612	-0.279195267102554	-0.9602343478690676	-0.9275205495759992	-0.3737721633752793	0.058402952506148575	-0.07848013997712676
0.5644432188668236	0.8254718969627366	-0.3628077053505181	0.9318640292115	-0.9740119169422888	0.2264967674259569	-0.10045006989779258	-0.9949421005553682	-0.9798195669150572	0.19988400709008666	0.29729595786547725	0.9547853755880682	0.9200927674192204	-0.39170052252050974	0.7645983823250226	-0.644507031572161	-0.877995103902037	0.4786696120750207	0.03957028864234002	-0.07749488525768321
-0.11311382619531092	0.9935820360309746	-0.974410524646914	-0.2247757314687817	0.33355243165089626	-0.9427315499864074	-0.6829255032359551	0.7304880266163964	-0.06722551405983469	-0.997737806369685	0.7747455392751715	0.632273160408714	-0.990961460518782	0.13414687386026775	-0.6485514641043912	-0.761170807643101	0.8030480974591453	-0.5959142162822155	-0.07652347795784697	-0.07209025422066562
-0.7831017709806793	0.6218935731191662	0.22649676742615305	-0.9740119169422432	0.4283617315950404	0.903607341108348	0.0821979859409076	-0.9966160198929466	-0.9864869822145168	-0.16383965918328744	-0.24437247213082205	0.969681439888725	0.9463131321574084	0.3232513819095523	0.5554197092776567	0.8315701693458726	-0.6841584860003962	-0.7293333709858928	-0.21332893373039885	-0.05825428859091075
0.03925981575903226	-0.9992290362407245	-0.9969173337331336	-0.07845909572777242	-0.11753739745772837	0.9930684569549392	0.87249215117224	0.4886281266391008	0.5224851077143257	0.8526484106692216	0.03923615999802304	0.9992299653976604	-0.4540186244334991	0.8909921933819136	0.5225052931679228	-0.8526360411169018	-0.4539975309554751	-0.8910029415699661	-0.28558352068750104	-0.06462591933884465
-0.4038220250418865	0.9148375659597008	-0.6738555441821399	-0.7388631169404738	0.9480574459165548	-0.3180991657363764	-0.08128565456913613	-0.9966908459303052	-0.986785284722534	0.1620333356290217	0.2417086301448612	0.970348874433054	0.9474903962898656	-0.3197842224664523	0.9446351651401592	0.3281225453708175	-0.8789852898702315	-0.4768488861177565	-0.1787584353522026	-0.0987645304700887
0.997730826289281	-0.06732902993589444	0.9909336034557829	-0.1343524973423914	0.979639179658225	-0.2007662264390108	0.20842282441205032	0.9780388163381368	-0.9131198525282072	0.407691224971626	-0.5890528617933379	-0.8080945031449469	0.66757573016227	-0.7445419024462706	0.27380028156187786	0.961786569783877	0.14209947207448353	-0.989852382952202	0.10990921745224908	-0.13220809770124176
-0.9187912101488208	-0.3947438563844475	0.6883545756934693	0.7253743710125578	-0.3461170570769403	-0.938191335922688	0.130590521152408	-0.9914363901860485	-0.9658922315702848	-0.2589443897677164	-0.3828632609480589	0.923805024567532	0.8658956060156499	0.5002247489706905	-0.5113488469855031	0.8593732347976614	0.2713780010583305	-0.9624728466515744	0.36842776653505377	-0.1456217703015008
0.6016618382470658	-0.7987509201228888	-0.27600606479432305	-0.9611558938053452	-0.933786470870048	-0.3578307236949633	-0.6987852674263878	0.7153314965998853	-0.023398300055663245	-0.999726222300138	0.7314860421498269	0.6818564146064637	-0.9989050391090104	0.046783788245786655	0.1509392625623134	0.988543038525458	-0.9918041196417696	0.12776771212483454	0.4101879247065908	-0.1401389396796342
-0.12738800953994522	0.9918529603854852	-0.9675445900509017	-0.2527003487596183	0.3738951684753987	-0.9274709715084096	0.5159837460430416	-0.8565983736964424	-0.4675215476387801	-0.883981675428535	-0.9984507850560376	-0.055641978945596665	-0.5628472049868797	0.8265609619613411	0.783889490448821	0.6209003678239269	-0.915349775175596	0.4026596442232393	0.2183324082018792	-0.1162341544053226
0.4050742743642115	-0.9142837810266063	-0.671829664496615	-0.7407056783246405	-0.9493561020488474	0.3142021506969967	-0.9599884099124067	0.2800397343839775	0.8431554943323026	-0.5376697986471346	-0.658850594713546	0.7522738157383962	0.42182237524549937	-0.9066784897317488	-0.13283082135305244	0.9911387253551712	-0.644902395733591	0.7642649409576989	-0.023530037301966344	-0.07332188168317166
0.10540359990303197	0.9944295254704988	-0.9777801622549632	0.2096329036689088	-0.31152669793391974	-0.9502374000608418	0.6854271276681414	-0.7281412312570973	-0.060379305313202784	-0.9981755053545922	-0.7681983552909941	-0.6402119078306898	-0.9927086789797902	0.12053828718793078	0.796331625801917	0.604860266299313	-0.6518386523470828	0.758357680323961	-0.14143696386522553	-0.027268651658705068
-0.762004786318999	-0.6475713903709277	0.16130258874612707	0.9869049978917918	0.5161780969786112	-0.8564812737004467	-0.987418595220253	0.15812816894298812	0.9499909643734756	-0.31227738888487233	-0.8886588918069283	0.4585688323605108	0.8049656647824925	-0.5933213956375415	0.8548169738774347	0.5189296109984717	0.6500184174389954	0.7599184541713037	-0.13142258628276093	0.006652759063132119
0.9570615229950606	-0.28988487577377153	0.8319335175952499	-0.5548753214025596	0.635361595765637	-0.7722147645740421	0.9129095389761052	-0.4081619453678095	0.6668076527071305	-0.7452298667466346	0.30456059466110563	-0.9524929627979796	-0.11073510858241364	-0.993849956345142	0.7553906189006616	-0.655274761361122	0.9920305685577184	0.12599742476356318	-0.09734845893215982	0.033801951153932364
-0.8139019728857823	0.5810022190427772	0.3248728429347376	-0.9457577046598676	0.28507267728259034	0.9585059043464138	-0.7014298176965518	-0.7127385290877589	-0.01599242169236432	0.9998721130466705	0.7238649405609547	-0.689941698860625	-0.9994884848968272	-0.03198075294055544	0.9849977794614112	0.17256701439176989	0.15679244546686522	-0.9876315755607048	-0.08595971808451806	0.06145725918034984
0.033414977007549904	-0.9994415637302588	-0.9977668786231698	-0.06679263374487264	-0.10009569162372513	0.9949778150885416	0.925248618740433	0.37936129681205066	0.7121700129621584	0.7020070317578586	0.3926200228627536	0.9197007761480092	0.01437225472504166	0.999896713813041	0.4100666090260536	-0.9120555773426714	-0.3482322863830959	-0.9374082753637294	-0.08228949881294045	0.08150875304666284
-0.2660368455666344	0.9639628606958645	-0.8584487936019094	-0.5128992774058336	0.7227948638273043	-0.691062648986956	-0.604846043323478	-0.7963424287804419	-0.2683225277518668	0.963329134356918	0.9294336818140194	-0.3689892018875838	-0.8560060422016974	-0.5169658167753317	0.9285558591599254	-0.3711926944590541	-0.6067331923214497	-0.7949055499462957	-0.040023382520314565	0.08798383515426011
-0.4788127363693692	-0.877917059573669	-0.541476726980954	0.8407157391996378	0.99734464302153	0.07282625238371782	0.1746658564584186	0.9846277665126284	-0.938983677175294	0.3439617042613361	-0.5026826328070148	-0.8644710351852211	0.7633806920032744	-0.6459488517495808	0.780789276870201	-0.6247944502990631	-0.9480537502325106	0.3181101800792808	0.013740733832472651	0.09152533628471361
0.9987369566060198	0.05024431817972426	0.9949510169813092	0.10036171485112463	0.9886517447379346	0.15022558912062253	0.107806652880098	-0.9941718793019596	-0.97675545118958	-0.21435668539012206	-0.3184081246303751	0.947953725753197	0.9081024228571204	0.4187481219074631	0.15762197662833236	-0.9874995253081276	0.05771900017036899	0.998332868846525	0.022951187750338	0.09833543587569048
-0.22252093395631434	0.9749279121818236	-0.9009688679024191	-0.433883739117558	0.6234898018587334	-0.7818314824680299	-0.8841587017043254	0.4671866759663869	0.5634732195989566	-0.8261343297519999	-0.11224079886721347	0.9936810368874156	-0.36499586158957215	-0.9310091412131708	-0.2587295105302264	-0.9659498125579764	0.6522171506679245	-0.7580321816220034	-0.041490641938498274	0.10232809651053976
-0.8354878114129126	-0.549508978070842	0.39607976603907785	0.9182161068803082	0.17364817766705742	-0.9848077530121856	0.9666940142400846	0.2559349191345158	0.8689946343352178	0.494821508724713	0.7134098085971274	0.70074706206834	0.5103033490067974	0.8599944720708654	-0.6670225303971601	-0.7450375453241062	-0.9482996021296628	-0.3173765344204314	-0.11784041916210407	0.10255095831551786
0.7011358088741072	0.7130277536775489	-0.01681715502890284	0.999858581648792	-0.7247180280624093	0.6890455571305376	-0.7130779388974362	-0.7010847688102946	0.0169602938844316	0.9998561638712608	0.688889916085026	-0.724865976244137	-0.9994246968627074	0.033915708762833965	-7.157963678706599e-05	-0.9999999974381778	-0.9998573753214832	-0.016888724499933127	-0.12000028524680295	0.10782964199075096
-0.9164969339226744	0.4000417104632175	0.6799332597793266	-0.7332740021614422	-0.3298165617969307	0.9440450389491232	-0.07598861700484316	0.9971086851921867	-0.9884514601713824	-0.15153781998254365	0.2262107358745257	-0.9740783864633819	0.9540725782298763	0.29957555886586673	-0.3292417294440492	-0.94424566908866	0.4685283984399754	0.8834484364439567	-0.049102175869959234	0.10591896226199148
0.42994961853180974	-0.9028528814399116	-0.6302866510487025	-0.7763625039308707	-0.971932628899973	0.2352593566249547	0.8922261480364359	-0.4515888625288094	0.5921349984798722	-0.8058387826204702	0.16441050958607858	-0.9863920033828568	-0.2987522871504834	-0.9543306926439886	-0.024106013767936016	-0.9997094078282048	0.7913305977526794	-0.611388489473254	0.04274871536057201	0.0828151656096827
-0.2820259382612132	0.9594067803324524	-0.8409227402957646	-0.541155194794859	0.7563499879354202	-0.6541671772185531	-0.8051591486460453	-0.5930588042947981	0.2965625092968489	0.9550134439260825	0.32759911363447297	-0.9448168186193064	-0.8241013561591128	0.566442366685889	0.7960604023227867	-0.6052171807324069	-0.3419088736297856	-0.9397331121830343	0.0809550469773551	0.0599585925778664
-0.9916545029309696	-0.12892380236686907	0.966757306366537	0.25569573830417625	-0.9257239692686126	-0.37819985817232216	0.8798451155107578	0.4752605314055244	0.5482548545762771	0.8363113143043954	0.08491359619723865	0.9963883184686844	-0.39883322886709055	0.9170234760089028	-0.8112299758543629	-0.5847272238192178	-0.9337747655017608	0.3578612682480897	0.04271782494098275	0.04665854594397023
0.41865973753739455	-0.9081431738250966	-0.6494480483302397	-0.760405965599983	-0.9624552364536172	0.2714404498651807	-0.29610024633819704	-0.9551568688537286	-0.8246492882369181	0.56564436831842	0.7844579611173382	0.6201819952559319	0.3600928971793111	-0.9329164514580124	-0.991384441798374	-0.13098430654137935	0.7434539389649594	0.6687871415013049	-0.03826902406667832	0.03406066158463605
0.7045663473135392	0.7096381206173026	-0.007172524466514656	0.9999742771155552	-0.7146733860423177	0.6994583270523044	-0.4881139523703754	0.872779908969822	-0.5234895390027418	-0.8520321018334326	0.9991590481847236	-0.04100239542511198	-0.4519174051093939	0.8920597844086414	-0.9632665588082554	0.26854708466431404	0.27544922981951453	-0.9613156202787076	-0.1046541504340548	0.02388375947553933
-0.9520732146785909	-0.30587022393749613	0.8128868122168518	0.5824216947572649	-0.5957823062756686	-0.8031459665147086	0.5452154276124088	-0.8382959724902763	-0.4054802749868364	-0.9141037942140922	-0.9873636306430988	-0.1584710095988478	-0.671171493193199	0.7413021156888813	-0.7754947816908107	0.6313539764429477	-0.2626752280278065	-0.964884306318918	-0.09612485260462167	0.018250127262017576
0.8752234219085862	-0.4837188871055428	0.5320320765147504	-0.8467241992286525	0.05607044723615491	-0.9984268150178748	-0.8341299721183758	-0.5515679374417966	0.39154562077240507	0.9201586965594316	0.18093009664245815	-0.9834959583694032	-0.6933840537079039	0.7205682161069794	-0.996853917376404	-0.07926075580839279	-0.4632462596515132	0.8862295994373482	-0.03515752045655629	0.00945990235204297
0.8326258302838963	0.5538359204169157	0.3865315465118957	0.9222761861563608	-0.18895353059312492	0.9819860300820948	0.748036642142543	0.6636574282053272	0.11911763597578215	0.9928801482553375	-0.5698279292719794	0.821764036096499	-0.971621977599082	0.23653907213491976	0.2552773076550922	0.96686787939013	0.9903919528383331	-0.13828875497694154	0.006133627905398065	-0.00854143453098144
-0.6134135287044576	0.7897618899404717	-0.2474476856046911	-0.9689012554893724	0.9169890446975074	0.39891238625135866	0.41952191279768175	-0.9077452091212458	-0.6480027293651486	-0.7616380129269533	-0.963224601840453	0.26869753703616395	-0.16018492547063592	0.9870870223298281	0.459562155041934	0.888145610614168	-0.9742429888380736	-0.2255007731690904	-0.012649450661683548	-0.027784907375676404
-0.3434840783637285	-0.93915849988733	-0.7640373758212402	0.6451719835425227	0.868353426102529	0.495945891580926	-0.9950556047951788	0.09931940075181982	0.9802713132685988	-0.19765665276599365	-0.9557933241805212	0.2940393195678923	0.9218636952346868	-0.3875142931663921	0.4350624167535221	0.9004002962730435	0.24850909791394685	0.9686295619347968	-0.052011677436704096	-0.031568093011665084
0.9431314288327994	0.3324200775341377	0.7789937841043955	0.6270316453949626	0.5262556124756965	0.8503264257553269	0.989368541925202	0.1454300115134403	0.9577002235024012	0.2877677568864356	0.9056684055308198	0.4239867205741973	0.8343794361930986	0.551190490173848	0.884760710885051	0.4660455819704539	0.9814484222912276	0.19172635286277112	-0.04015929214296576	-0.017840173038135454
-0.966917183747903	0.2550904933019339	0.869857680453952	-0.4933027627687385	-0.7152434935441345	0.6988753429208828	-0.3047610263175821	-0.9524288513258372	-0.8142414336757082	0.580526388449076	0.801059136312199	0.5985852154294772	0.32597822462854503	-0.9453772776347132	0.5376342188028188	0.8431781821016734	0.051723127763414894	-0.9986614631867846	0.033961192117794685	-0.0030710038122182537
0.34901314101590714	-0.9371178300503146	-0.756379654796421	-0.6541328747357428	-0.8769860192579597	0.4805158915437424	-0.6465028979288011	0.7629115302377218	-0.1640680059393244	-0.9864490303239664	0.858643780523147	0.5125727832892786	-0.9461633788541876	0.3236894507320667	0.4892999906547216	0.8721155423137976	-0.940576004818756	0.3395832433427587	0.11620476781723482	-0.0009808211209996198
0.13616664909573253	0.9906859460364013	-0.9629172873480792	0.2697967711560249	-0.39840108984481376	-0.9172113015060732	0.5885000556303626	-0.8084971765708648	-0.3073353690461204	-0.95160126677789	-0.9502338191920022	-0.3115376203025586	-0.8110899418665699	0.584921453019877	0.8811008708067053	0.4729283830176254	-0.7208327096710283	0.6931090856916559	0.1561654785113048	-0.010561892629128213
0.01883337479941592	-0.9998226362678858	-0.9992906079873296	-0.037660068883546366	-0.05647340390693821	0.9984041038833744	0.0	0.0	0.0	0.0	0.0	0.0	0.0	0.0	0.0	0.0	0.0	0.0	0.16405702565228852	-0.018861002629416927
0.2826358292570643	0.9592272869451596	-0.840233976040343	0.5422239993834984	-0.7575962824333099	-0.6527234275274854	0.765327812788553	-0.6436406908922784	0.17145332205542102	-0.9851922443646012	-0.502891820860538	-0.8643493602193344	-0.94120751671232	-0.33782896631909404	0.8337067747130963	0.552207401070908	-0.4010886526711205	0.9160392418987656	0.15859091415088045	-0.027186713299662824
-0.4600650377313175	-0.8878852184022894	-0.5766803221145628	0.8169698930106568	0.9906859460364068	0.13616664909569215	-0.8013739344987005	-0.598163704270054	0.28440036578785466	0.9587056023304203	0.3455518542901351	-0.938399656860897	-0.838232863879469	0.5453124479712742	-0.16241658179409965	0.9867222780287878	0.8997848406181784	0.4363338636797736	0.1613788286772273	-0.05290232346767565
-0.4866044785672468	0.873622390646152	-0.5264321628765957	-0.8502171357300848	0.9989329748024344	-0.04618345864439954	0.0	0.0	0.0	0.0	0.0	0.0	0.0	0.0	0.0	0.0	0.0	0.0	0.17824520637110808	-0.08413772602047742
0.99256678808392	0.12170115526473227	0.970377657614459	0.24159304957443556	0.933762481609643	0.3578933192142613	-0.4650828966963159	-0.885267134372763	-0.567395798401128	0.8234452064082627	0.9928550596837468	0.11932657063866205	-0.3561240159134931	-0.9344387006591957	-0.3538878039955633	-0.9352878819824396	-0.5693638699376924	0.8220856303388197	0.2108836224456669	-0.09283228233864661
0.15424893296477427	-0.9880320170314464	-0.9524145333584572	-0.3048057687242687	-0.4480667839861451	0.8940000878569939	0.53584989274038	0.8443132667737274	-0.4257297849002465	0.9048503468799632	-0.9921044118907444	0.1254146558697206	-0.6375083004975797	-0.7704434870882403	0.916862814161348	-0.3992024298625117	-0.7515542657923634	-0.6596712708382122	0.2711850579250095	-0.07001341105194904
-0.8059022329495258	-0.5920486389875146	0.29895681814606323	0.9542666403495312	0.32404229835073045	-0.946042593586344	-0.030371703523581806	-0.9995386734014224	-0.9981551192501512	0.060715384497804524	0.09100304622840387	0.9958506140868474	0.9926272841705676	-0.12120674370744974	-0.5672988875145625	0.8235119745484819	0.6162521348908336	-0.7875489230787442	0.2931469186468683	-0.030842889268430707
0.9627280675099777	0.2704711963010176	0.8536906639429928	0.520780424263981	0.681015858788317	0.7322686665963603	0.6341299270852597	0.7732265098758858	-0.19575847114968636	0.9806521406559704	-0.8824025371582046	0.4704952310244633	-0.923357241946275	-0.3839419275689599	0.4013591801152437	0.9159207435893236	0.8196301783908266	-0.572892983611269	0.22539227009298676	-0.0033938929195699297
0.6252426563359509	-0.780430407338133	-0.21814324139592808	-0.9759167619388848	-0.8980275757602008	-0.43993916985676174	-0.16430672269349544	-0.9864092968325688	-0.9460066017554456	0.32414735759390934	0.4751772114551922	0.8798901168405447	0.7898569811297725	-0.6132910804508429	-0.8725553810798989	-0.4885152064659937	0.6670922375784274	0.744975131506151	0.09065880923352544	0.00598390680759453
-0.9975640502598134	-0.06975647374428033	0.990268068741527	0.13917310096037322	-0.9781476007337087	-0.20791169081821534	0.3121074587820471	0.9500468063062012	-0.8051778683452254	0.5930333888804564	-0.814711495495595	-0.579866518353432	0.2966227993459227	-0.9549947198326222	-0.24507526559898096	-0.9695040557891385	-0.37761909579885267	0.9259610242812906	-0.05300297838093482	0.006264982868277036
0.9914448613738266	0.13052619221992962	0.965925826289132	0.2588190451022831	0.923879532511428	0.3826834323647488	-0.14198345405669674	-0.9898690311218602	-0.9596813975482597	0.28109004820487515	0.41450121329241735	0.9100487592316764	0.8419767696003619	-0.5395137805963245	-0.0115649304958511	-0.9999331239551104	-0.2699726013533865	0.9628680047226024	-0.15260996926335493	0.005879124248542754
-0.9998688836656396	-0.016193068802030714	0.9994755690455452	0.03238189125241469	-0.9988201592796592	-0.048562222113037776	-0.6465028979288011	0.7629115302377218	-0.1640680059393244	-0.9864490303239664	0.858643780523147	0.5125727832892786	-0.9461633788541876	0.3236894507320667	0.6587720097376737	-0.7523426341675622	0.6340642519396694	0.7732803659813091	-0.22185689735677194	0.00787584119106366
0.9863613034027492	0.16459459028057255	0.9458172417007408	0.3246994692043741	0.8794737512067226	0.475947393036642	0.5475154840077199	-0.8367955513575536	-0.4004535895435843	-0.9163170426340757	-0.9860245658108888	-0.16659998684708333	-0.6792738452433169	0.7338848977655544	0.6777801073633439	-0.735264663956139	0.4023160655147397	0.9155008374811788	-0.27494669822314377	0.005753390758863719
-0.9156112543205572	-0.4020647099181121	0.6766879380769288	0.7362699467323072	-0.3235549292118591	-0.9462093889740836	-0.9911426264624692	0.1328017093605275	0.964727411981844	-0.26325087002859743	-0.9212222954015814	0.3890366081168217	0.861397958858373	-0.5079306610893152	0.9608962241765427	0.2769087329126022	0.8541064626752034	0.5200982122796152	-0.2900142072182785	0.0009572330633939031
0.5615529868005186	-0.8274407791590987	-0.36931648603083295	-0.9293036818746806	-0.9763345384110914	-0.21626573724379225	0.9001147363924955	-0.4356529138305725	0.6204130773418634	-0.7842752153824566	0.21677117073956045	-0.9762224436757232	-0.2301752269263977	-0.9731491997167656	0.14498513222146678	-0.9894338337831003	0.865939105147268	-0.5001494438432863	-0.27792515406354745	0.0012557108833722852
-0.6825531432184202	0.7308359642783424	-0.06824241336530935	-0.9976687691904956	0.7757112907050253	0.6310879443253086	-0.4395035262573808	-0.898240864360628	-0.6136733008146557	0.789560054629947	0.9789266856134758	0.20421200795696395	-0.2468101597344903	-0.969063849832319	0.9564512415617662	0.2918921419205321	-0.3564822149566565	-0.9343021087526218	-0.250419685485607	0.005101454340547984
-0.6243035823618397	-0.7811818207371275	-0.2204900741003472	0.9753892183242666	0.8996090686339882	-0.4366961456567807	0.30800613265813725	0.951384371452978	-0.8102644444899558	0.586064441845249	-0.8071389686136277	-0.5903614870105681	0.3130569400092337	-0.9497343588141134	0.5509148435045942	-0.8345614628092461	-0.935493507520376	0.3533438797930765	-0.22490276896251926	0.010133476267197294
0.6463642734763656	0.7630289810835301	-0.1644264519467402	0.9863893459989348	-0.8589230417820682	0.5121046848993274	0.20349094914344484	-0.9790768272289464	-0.9171828672334	-0.3984665457143417	-0.5767677735263063	0.8169081560503038	0.6824488238929609	0.7309333777897371	0.878593273385117	-0.47757079052474	-0.6155347143808794	0.7881097736940262	-0.18127279993507486	0.020979891624895216
-0.8593727774267294	-0.5113496156426337	0.4770431411642616	0.8788798788618013	0.0394569990773242	-0.9992212694012332	-0.9977688220527304	0.06676359591504184	0.991085244520986	-0.13322926890431153	-0.9799790919063625	0.1991004254801617	0.9644999238144452	-0.2640831250987636	0.8915949029473274	0.4528338868043621	0.8233158247271741	0.5675835205093723	-0.11394305095599823	0.03670286272447509
0.902539648696403	-0.4306067608978911	0.6291556349380529	-0.7772793494141571	0.2331361627683033	-0.9724441010205528	0.5190178562083402	-0.8547633970502589	-0.4612409298737971	-0.8872749318047675	-0.9978024134456196	-0.06625966889516474	-0.5745136092183099	0.8184950291986819	0.10036729587154483	-0.9949504540023256	0.8365010913473256	0.5479652581822438	-0.039646800161099116	0.04874287699850044
-0.9886039025449924	0.15054010719011446	0.9546753522543776	-0.2976490749153772	-0.8989876552593936	0.43797396691038337	-0.9706507550881363	0.24049347526872944	0.8843257767063379	-0.4668703467267245	-0.7460922107196829	0.6658426338883807	0.5640641586945361	-0.8257309639805358	0.9233852109428976	-0.38387465690240663	0.9957930380338528	0.09163091947214001	0.03230722044681245	0.04328273512911629
0.9950976454503142	0.09889730036376512	0.9804386479615184	0.1968249414667504	0.9561667347396788	0.2928227712751533	0.9417855257352572	-0.3362142523980289	0.773919952968869	-0.6332834329087281	0.5159476938323249	-0.8566200892047218	0.19790418720667294	-0.9802213692253736	0.9704192410843272	-0.2414259649112304	0.903917877272354	0.4277060569450021	0.08489261855399467	0.026153607892310138
-0.954680648125582	-0.29763208848260697	0.8228302798109632	0.5682871902710916	-0.6163996415289876	-0.7874334777763362	-0.9136894799510432	-0.4064130094211951	0.6696569315464151	0.7426705824467803	-0.310027507109468	-0.9507275870802786	-0.10311918806367974	0.9946690067821996	0.7513201121246565	0.6599379433833106	0.9932432176857195	-0.1160513270984789	0.11112360366628872	0.012698384454612577
0.5000000000002239	-0.8660254037843093	-0.4999999999995522	-0.8660254037846971	-1.0	-7.756556154183357e-13	0.8769587501681824	0.4805656568081612	0.5381132989930814	0.8428725155364734	0.0668475820995178	0.9977631987437942	-0.4208681548935652	0.907121819931858	0.8546614420664472	-0.5191857273123953	0.022297308102128013	-0.9997513841207716	0.0840468865102213	0.002890260053303395
-0.9823654809981376	0.18697075103688693	0.9300838765134049	-0.3673472235498689	-0.8449991084412694	0.5347677128749079	-0.11606659396897565	-0.9932414337735016	-0.9730570915288818	0.2305643004139044	0.3419454386712058	0.9397198076937384	0.8936802067492938	-0.4487044551422904	0.2997269122457342	0.9540250405915128	-0.07168728142143768	-0.9974271570808584	0.028543884091164037	-0.006090615280404665
0.895843811739153	-0.4443690639194689	0.60507227006267	-0.7961705520811526	0.18825668584205496	-0.9821198604222224	-0.7976071293916339	0.6031773098713488	0.2723542657127258	-0.9621970452813092	0.36314372128624656	0.931733136520526	-0.8516463078961638	-0.5241169394770907	-0.44649807449953094	0.8947845938929722	-0.98256474762952	-0.18592072696646214	-0.01722935155922023	-0.00872713006861503
-0.9993170601430164	0.03695149938932154	0.997269173385762	-0.07385252747522653	-0.9938591368952148	0.11065268189202876	0.999391765070016	0.03487262408018481	0.9975678001795242	0.06970282666423809	0.9945303241268396	0.10444823786049974	0.9902830319100304	0.13906659092347734	-0.9999978363483116	0.0020802160213948245	-0.9974206448535053	0.07177783237196053	0.0010878288447013773	-0.0012572396872333467
0.7390089172210565	0.673695643646121	0.0922683594644776	0.9957341762949256	-0.602634636377843	0.7980172272813069	-0.6802153418174038	-0.7330123387476043	-0.07461417751246496	0.9972124771151524	0.7817227583395358	-0.6236261132233218	-0.9888654490282768	-0.14881237757022975	-0.008857983880514748	-0.9999607672911835	-0.9965124225867464	0.08344454224389922	0.04700285358031131	0.02198133549720593
-0.90096886790221	-0.4338837391179925	0.6234898018579798	0.781831482468631	-0.22252093395490513	-0.9749279121821453	-0.044187599532972084	0.9990232510044565	-0.9960949120950272	-0.08828887867902556	0.13221768567794384	-0.991220703775889	0.9844101478032004	0.175888205693505	0.4732715951381642	-0.8809165665574565	-0.3936482920850884	0.919261128373485	0.0763772719983472	0.039530484302558795
0.6834812022631463	0.7299681131069522	-0.06570689230584811	0.9978389671202	-0.7733000537634986	0.6340402407177089	0.6559884404580562	-0.7547709361027406	-0.13935833197081446	-0.990242018554208	-0.8388233501667984	-0.5444036987520828	-0.9611585106206244	0.2759969519062534	0.999314484009884	-0.03702110273964229	-0.10260294809988643	0.994722390941921	0.06672085524784155	0.031156998351401514
0.8329212407101062	-0.5533915492433338	0.3875155864521256	-0.9218631515884907	-0.1873813145856876	-0.9822872507286956	0.0	0.0	0.0	0.0	0.0	0.0	0.0	0.0	0.0	0.0	0.0	0.0	0.06454390819885913	0.015537815866256575
-0.9694002659393905	-0.2454854871405612	0.8794737512067229	0.4759473930366418	-0.7357239106736304	-0.6772815716251993	0.9985981527696196	-0.052931363907452476	0.9943965414297936	-0.10571432444311712	0.9874069460149616	-0.15820089431291756	0.9776489632150708	-0.21024391721164554	-0.9810351965152888	-0.1938296757418956	-0.9550474332076184	-0.29645303223873376	0.085511014250116	0.004470826259559857
0.9322096759220098	0.3619186650580228	0.7380297597652374	0.6747681629277318	0.4437872904210918	0.8961321559126787	-0.7811975489932282	-0.6242839013197222	0.22053922110605456	0.9753781071737948	0.4366281510233773	-0.8996420720119235	-0.9027249039078696	0.4302182560800131	-0.5022999177951978	-0.8646934674108147	-0.954179910160894	0.2992335192543577	0.06434831182816758	-0.0044667834360295755
-0.010589440238460226	0.9999439303058127	-0.999775727510872	-0.021177692983568884	0.03176357087513896	-0.9994954104773368	0.953788464404622	0.30047889305019915	0.8194248696626539	0.5731866039767002	0.6093275118563786	0.792918648598275	0.3429142340433149	0.9393667165119738	-0.3105621312345016	0.9505530824962298	0.2903619593466106	0.9569168890579772	-0.07203490935673973	-0.00795277632027025
0.08983622002163581	-0.9959565520504516	-0.9838589071444483	-0.17894594388398835	-0.2666085505265855	0.9638048976769692	-0.4061822691436805	-0.9137920793229118	-0.6700319284665814	0.7423322806098046	0.950492447350225	0.31074765892952416	-0.10211442967070768	-0.994772659079966	-0.9465870883131392	0.3224482659882874	0.8736073289137811	0.4866315185724498	-0.2487477001219415	-0.004107757161438408
-0.0037489084661660186	0.9999929728179656	-0.9999718913706244	-0.0074977642438075935	0.011246514645141228	-0.9999367559542636	-0.829210775159667	0.5589360342285189	0.3751810192817919	-0.9269515644146008	0.2070024875119698	0.9783404162988752	-0.7184784055413515	-0.6955492655238429	-0.5558234711880282	-0.8313003481753699	0.562040741778493	-0.8271095481138405	-0.3408261617176398	0.004208013702693525
-0.8649548579449367	-0.5018496724293586	0.496293812565091	0.8681546242516976	0.006411369652558137	-0.9999794469583752	0.9666940142400846	-0.2559349191345165	0.868994634335217	-0.4948215087247143	0.713409808597126	-0.7007470620683415	0.5103033490067951	-0.859994472070867	-0.9645875390941442	-0.2637629227626635	-0.7077058284323612	-0.7065072260089527	-0.2935860364138144	0.014035254318957248
0.9364915598641876	0.3506901172019833	0.7540328833937184	0.6568366697748802	0.4757993024523613	0.8795538777049683	-0.5659480171591309	-0.8244409268550708	-0.35940568374729603	0.9331814156369268	0.9727578853041388	-0.23182341680386834	-0.7416551089802771	-0.6707814094945187	-0.24088225612648215	-0.9705543460741471	-0.8191288266563149	0.5736095931386161	-0.17742475945028247	0.018474352134675853
-0.641865075453086	0.7668175955946785	-0.1760184498272083	-0.9843868677102648	0.8678252666120387	0.4968695066410734	0.4658185881405005	0.8848802421473715	-0.5660260858855815	0.8243873301410256	-0.9931495324963312	-0.11685035773295295	-0.3592289401940967	-0.9332494674667788	-0.9775344228969368	-0.21077583365166114	0.379549056448432	0.925171613134074	-0.08925037539272772	0.014440029950639418
0.896475836906713	-0.4430926244504736	0.6073378523151832	-0.7944436626628603	0.19245158197204615	-0.9813064702713707	0.5374834841194285	-0.8432742758431802	-0.42222300859768	-0.9064919916969612	-0.9913592715923654	-0.13117467220410522	-0.6434554620214468	0.7654835520079882	0.10819234423457344	-0.9941299797556794	0.855489568264428	0.5178200446011554	-0.022661436107952126	0.012827456450910102
-0.983138343344012	-0.1828633310611826	0.9331220043064166	0.35955990471571736	-0.8516376995592971	-0.5241309270490992	-0.9996298493049712	-0.027205962186999347	0.9985196712429592	0.0543917837623738	-0.996670287680326	-0.0815373390246204	0.9940830677182944	0.10862253208144723	0.9777994611326744	0.20954286866570096	0.987749406873153	0.1560484194784887	0.04498792796721929	0.0241926382183002
0.5841559039505686	-0.811641472498599	-0.31752375975938824	-0.9482503161023792	-0.9551226617666254	-0.29621056864979817	0.8937557327878742	0.4485539991002309	0.5975986197823802	0.8017954163215166	0.17445865188537255	0.9846645006205608	-0.2857517792683885	0.9583036682831544	0.8861577163225501	-0.4633837521989768	0.1580276596728568	-0.9874346858290524	0.08881638213779185	0.03451126850906338
0.09742973632452065	0.9952424058890048	-0.9810148929594688	0.1939324103694946	-0.28858978102745825	-0.9574528386748477	-0.26532099425192945	-0.9641601371189163	-0.8592095400183352	0.5116238523969351	0.7212536531087448	0.692671038717002	0.4764820673170385	-0.8791841897607584	0.9337229000171776	-0.357996572586263	-0.985423209039828	-0.17012083671804312	0.056732132501867476	0.0185547675943476
-0.6364624465329208	-0.7713076909724995	-0.18983110830665767	0.9818167600520302	0.8781031897747434	-0.4784713033269823	-0.7103283666236788	0.7038704508428639	0.009132776860527048	-0.999958295323768	0.6973538256835254	0.7167270343753968	-0.9998331847736318	-0.018264791962049963	0.9949980222464216	0.09989462310709768	-0.09080336212034136	0.995868841478456	-0.026922696740579344	-0.0037592659231271415
0.02397932466402334	0.9997124546531652	-0.9988499839773148	0.047944859041591924	-0.07188282077691686	-0.9974130839713072	0.3032775130683425	-0.9529022772913712	-0.8160455001341625	-0.5779876657081744	-0.7982540127309438	0.6023209536110679	0.3318605165784312	0.9433284674684088	0.9599006646247112	0.28034035395040363	-0.9453558847263847	0.3260402601109172	-0.08348676340017092	-0.013839046501416095
-0.9729845375987825	0.23087028737731424	0.8933978208126326	-0.44926643961822815	-0.7655399935514957	0.6433883106438725	0.07082587431867396	0.997488694435679	-0.9899673910539908	0.14129601781279916	-0.211056486355425	-0.977473866437002	0.9600708707004902	-0.27975690024091	-0.2992029821139717	-0.9541894861578104	0.16137802096600273	0.986892666073214	-0.0942636983192384	-0.028106153819260515
-0.07148020805891564	-0.9974420182927196	-0.9897811597117082	0.14259472598853667	0.21297973451689192	0.97705661692919	0.14144184332720086	-0.9899465667177214	-0.9599884099124074	-0.2800397343839766	-0.4130069038687196	0.9107278942454624	0.8431554943323037	0.537669798647133	-0.997524593898137	-0.07031845112313483	0.9773040091196074	-0.21184162423551775	-0.10834958733023126	-0.04849290734363221
0.9699274495097298	0.2433942125186019	0.8815185146248992	0.4721494555471934	0.7400905596617382	0.6725072218939919	-0.9781855028797376	0.20773329525118167	0.9136937560881708	-0.4064033957602844	-0.8093384696746294	0.5873425248564323	0.6696725598290194	-0.7426564903184032	-0.9993300517670922	-0.03659846492929579	-0.8982078881439811	-0.4395709154117565	-0.15597609233470722	-0.06120607702258096
-0.6942928590732852	0.7196925912081097	-0.0359148516796866	-0.9993548536074792	0.7441637091850507	0.6679972858716922	0.9779356267466752	-0.20890646217766287	0.9127161801208254	-0.4085941440422868	0.8072197125499058	-0.590251078500368	0.666101650908702	-0.7458609727400286	-0.5286252891988128	0.8488552901522562	-0.8293221553683355	0.5587707603438269	-0.18002676989415256	-0.057056600423431525
-0.04371273129077741	-0.9990441417290332	-0.9961783942462004	0.08734189623005313	0.13080408822150114	0.9914082360483706	-0.9074669203592473	-0.42012353951391934	0.6469924230925925	0.7624964291462458	-0.2667815229999578	-0.9637570331706136	-0.16280160892155146	0.9866588245855576	-0.380054103308914	0.9249642579894952	0.4593898185987801	0.8882347632060906	-0.14168354295019836	-0.039615734513718914
0.9959578232173002	-0.08982212629556902	0.9838639712554856	-0.17891809876416867	0.9638162150897835	-0.2665676340631097	0.7135425116994832	0.7006119353804878	0.018285832004814425	0.9998328001960586	-0.6874470747050231	0.7262344796823587	-0.9993312566957834	0.03656554923457663	0.7735887004691515	0.6336880324784818	0.647727792981293	-0.7618718436847389	-0.06509726431258933	-0.022017873281448885
-0.11261393320580385	0.9936388187102588	-0.9746362040958376	-0.22379515112186188	0.3321291659818177	-0.9432339143098184	0.07597812564381418	-0.9971094846723968	-0.9884546488473056	-0.15151701941415635	-0.2261799886504807	0.9740855263959466	0.9540851856557004	0.2995354044388206	0.9822104949083208	0.18778323591830973	-0.99932288604103	-0.03679360589323142	-0.0168389898514113	-0.00930860076598028
-0.984325111735694	-0.1763634724270126	0.9377918511869728	0.34719798940562835	-0.861859025673186	-0.507147927005195	-0.8062809099669451	0.5915328344419056	0.30017781155425005	-0.953883264058292	0.3222256318632513	0.9466628978524132	-0.8197865629010022	-0.5726691813664858	0.8979673315303378	-0.44006212232397857	0.6893177620568025	0.7244591243907424	-0.02252652033888369	0.00876771424411149
-0.005883098372891186	-0.999982694427026	-0.9999307783070698	0.01176599312500596	0.017648480642615462	0.9998442534370076	0.5971682817570596	-0.802115978685951	-0.2867800865266421	-0.9579964415235432	-0.9396802247835712	-0.34205419914203256	-0.8355143639435435	0.549468604784674	-0.8056152973560955	-0.5924390202087045	0.7985888978626011	-0.6018768746268592	-0.05849650739946755	0.03363207099868404
0.999192452449449	0.04018013150869298	0.9967711140638884	0.08029536828382462	0.992739895535083	0.12028092040299987	-0.963700871509562	-0.26698432585399234	0.8574387394965785	0.5145860550097705	-0.6889280495282636	-0.7248297335051745	0.4704023839789628	0.8824520367401893	-0.9521951719077372	-0.3054903510679095	-0.9736501025548836	0.2280470955633173	-0.07043489999694685	0.04984090279598497
-0.33076259603989844	0.9437139953719808	-0.7811922101218941	-0.6242905820568421	0.8475409228920253	-0.5307300481632203	0.0	0.0	0.0	0.0	0.0	0.0	0.0	0.0	0.0	0.0	0.0	0.0	-0.029565707085322364	0.0609926931793533
0.631848084757027	-0.7750922511474856	-0.20153599557775367	-0.9794811087951026	-0.8865283503878352	-0.4626742741482647	-0.7360538791896509	-0.6769229549438156	0.08355062614026605	0.9965035337978332	0.6130583542311163	-0.7900376284123654	-0.9860385857431389	0.16651698839959347	-0.9897519708447708	0.1427971855776291	0.059603503156849	0.9982221307962628	0.07129548865533342	0.07903686525630281
0.505993886220913	0.8625370641932194	-0.4879403742141155	0.8728769622414083	-0.9997835786062867	0.020803748441251074	0.20611712909870925	0.978527326696657	-0.915031458184212	0.40338248664669935	-0.5833244434905802	-0.8122392465440246	0.6745651389334508	-0.7382153299246056	-0.7397220804324202	0.6729125082213377	0.9483100947711272	-0.3173451813958669	0.1741947429706623	0.09648442225760445
-0.9936857350453328	-0.11219919771289014	0.9748226800651678	0.22298148450165975	-0.943649047713502	-0.3309478429441729	0.2980995356754052	-0.9545347907908374	-0.8222733336602157	-0.5690927558415374	-0.7883381336001608	0.6152422182456394	0.3522668704973686	0.9358995950154002	-0.4033152939400605	0.9150610764719712	-0.18911921850851407	-0.9819541339547022	0.2125210167171812	0.1026991489160174
0.722225539568127	-0.6916576248372656	0.043219460008944936	-0.9990656025890068	-0.6597971439185205	-0.7514437629503374	-0.9972038346236024	-0.07472959395034005	0.9888309755760346	0.14904127529428776	-0.9749282466544366	-0.22251946853097104	0.9555733965173046	0.29475325930069374	-0.7718933709771827	0.6357520144218826	-0.6685187840636914	0.7436952570468656	0.17080721586680048	0.09859036463062851
-0.798335306372773	-0.6022132002859873	0.27467852280261834	0.9615361195040836	0.3597641810614757	-0.933043264819572	0.05088238334247202	-0.9987046525702128	-0.9948219661307794	-0.1016329459559758	-0.15212020861882894	0.9883619995374991	0.9793414885926192	0.2022133742391742	-0.6420543280595025	0.7666591418747062	0.5608119218701239	-0.827943227696403	0.15620294254335607	0.08192643678438126
0.509803760593394	0.8602907216080115	-0.4802002513696668	0.8771588901587379	-0.9994195485656924	0.034067080073693225	0.0	0.0	0.0	0.0	0.0	0.0	0.0	0.0	0.0	0.0	0.0	0.0	0.18903197848173253	0.042621213861630085
-0.9634584154420548	0.2678579506266049	0.8565042365722306	-0.5161399933485298	-0.6869540137325219	0.7267008896490894	0.9998281507301656	-0.018538311883700517	0.9993126619850052	-0.03707025217667868	0.9984537109372482	-0.05558945147811766	0.9972515928071148	-0.0740895447662644	-0.9583272115876004	0.28567281202581063	-0.96825848004609	0.2499510268409296	0.20286413263117656	0.0034222177525502486
0.6477475494784868	-0.7618550466752947	-0.16084622428923054	-0.9869794790834804	-0.8561230447309186	-0.516772031248462	-0.6814945941394148	-0.731823146777112	-0.07113023631750871	0.9974670367893944	0.778444337199897	-0.6277136400313545	-0.9898809789628306	-0.1419001320915096	-0.9989796109825791	0.04516344585053594	0.11610670430929572	0.993236745803554	0.10854357309904528	-0.0010317103268512318
-0.19325591779581347	0.9811483833941212	-0.9253043004737956	-0.3792254626534192	0.5508969814527666	-0.8345732537208643	0.975215410092665	0.22125755109779946	0.9020901921644092	0.4315475468598785	0.7842491032917058	0.6204460846730805	0.6275334295984418	0.7785896189498146	-0.4055526376994267	0.914071691966794	0.02862033944726957	0.9995903541801126	-0.05126590174014135	0.007151030034798001
